210
736 2
322 375
75 2
772 223
740 8
728 201
399 10
794 185
383 10
786 170
411 11
793 163
421 14
823 151
150 14
337 142
111 14
332 138
93 14
341 131
408 14
782 128
440 16
834 126
415 16
792 124
431 17
832 123
406 17
788 119
379 17
773 119
112 18
822 115
491 19
781 115
184 19
254 112
525 20
329 106
539 20
361 105
610 20
147 103
519 20
753 102
675 20
326 100
637 20
98 93
649 20
826 89
524 21
476 88
444 21
369 87
143 21
370 85
106 21
135 85
83 21
769 84
100 21
467 83
390 21
768 81
561 22
619 77
528 22
501 74
534 22
357 72
545 22
815 71
447 22
511 70
521 22
276 67
657 22
403 66
642 22
200 64
633 22
732 63
138 22
749 63
120 22
731 62
166 22
673 62
99 22
507 62
574 23
488 60
159 23
480 59
238 23
466 59
432 24
435 58
494 24
618 58
650 24
271 56
34 24
484 56
14 24
510 55
315 24
656 54
569 25
56 53
575 25
248 52
712 25
124 51
701 25
671 51
35 25
246 50
22 25
43 50
604 26
806 50
622 26
199 49
592 26
756 49
602 26
743 49
187 26
761 49
198 26
419 48
288 26
799 48
715 27
804 47
115 27
268 46
32 27
125 46
20 27
514 46
231 27
68 45
273 27
350 44
495 28
750 44
30 28
458 44
321 28
173 43
133 29
374 42
41 29
274 41
58 29
226 41
582 30
71 41
698 30
17 41
302 30
38 41
722 31
319 40
207 31
8 39
180 31
687 39
65 31
600 39
291 31
286 38
626 32
289 38
652 32
218 38
306 32
716 38
509 33
251 37
693 33
596 37
168 33
565 37
307 33
225 36
623 34
215 36
469 34
243 36
178 34
417 36
15 34
47 36
402 34
122 36
290 34
634 36
287 34
486 36
543 35
513 36
153 35
426 36
237 35
608 36
