210
737 2
721 280
323 6
720 216
429 10
260 199
407 10
338 172
384 10
259 167
382 11
784 163
422 14
729 150
154 14
334 142
127 14
339 131
324 14
725 130
378 14
776 128
400 16
837 125
385 16
835 124
155 17
830 120
394 17
780 119
391 17
256 118
94 18
817 115
497 19
775 115
201 19
372 110
526 20
328 106
540 20
802 104
612 20
828 103
661 20
477 101
676 20
327 100
638 20
136 93
564 21
820 89
446 21
473 88
139 21
252 86
148 21
97 85
121 21
89 84
84 21
358 83
102 21
79 82
552 22
688 79
562 22
819 75
529 22
428 74
535 22
764 72
546 22
532 71
449 22
591 70
522 22
183 67
665 22
420 66
630 22
189 64
641 22
810 63
113 22
744 63
191 22
646 62
167 22
660 62
209 22
9 61
441 23
500 60
176 23
475 59
214 23
811 58
502 24
456 58
664 24
368 57
714 24
275 56
13 24
499 56
21 24
117 54
304 24
427 54
570 25
53 53
578 25
247 52
713 25
144 51
704 25
659 51
5 25
55 50
24 25
182 50
605 26
798 50
590 26
188 49
593 26
751 49
197 26
742 49
192 26
760 49
203 26
803 48
280 26
264 47
702 27
455 47
128 27
263 46
2 27
145 46
92 27
443 46
301 27
60 45
503 28
181 44
496 28
745 44
1 28
48 43
606 29
172 43
116 29
710 42
42 29
270 41
416 29
217 41
640 30
64 41
318 30
51 41
303 30
40 41
723 31
57 40
208 31
26 39
46 31
709 39
396 31
599 39
277 31
285 38
627 32
229 38
62 32
213 38
309 32
479 38
694 33
169 37
695 33
589 37
66 33
234 36
310 33
224 36
624 34
223 36
474 34
242 36
36 34
352 36
16 34
171 36
418 34
142 36
292 34
670 36
555 35
483 36
544 35
512 36
108 35
617 36
212 35
266 35
