256 9
715 8
723 12
724 23
729 7
732 30
733 14
734 11
735 3
820 39
824 22
828 2
829 6
830 11
832 21
834 14
906 2
995 2
996 3
997 10
998 3
999 10
1046 24
1047 9
1048 26
1064 21
1077 15
1078 16
1118 23
1119 2
1122 3
1162 16
1163 4
1164 24
1165 15
1171 13
1223 2
1231 14
1432 2
1433 7
1434 14
1435 2
1451 4
1453 5
1466 3
1513 13
1514 19
1515 2
1516 18
1521 25
1522 8
1523 14
1524 15
1532 2
1722 2
1728 10
1731 13
1732 4
1733 3
1734 2
1807 14
1808 3
2389 11
2431 12
2445 9
2953 3
2973 4
3003 9
3012 62
3071 14
3122 2
3186 3
3243 11
3274 43
3334 5
3356 8
3557 32
3563 3
5498 18
5888 11
5891 13
5922 17
6043 26
23854 3
23883 2
23887 5
23923 6
23930 30
23986 22
23997 7
24004 25
24043 41
24200 14
24447 12
24448 3
24585 3
24586 13
24587 23
24637 27
24747 14
24771 7
24883 22
24993 11
25446 14
25452 15
25453 8
25564 10
25589 12
25724 4
25854 13
25990 16
25995 6
25997 11
26108 12
26271 4
26402 2
26403 24
26404 8
26405 15
26409 14
26491 12
26545 15
26676 4
26678 14
26681 7
26682 10
26766 3
26812 6
26815 3
26818 3
26902 9
27085 2
27089 11
27092 24
27177 10
27226 11
27229 10
27359 23
27365 3
27723 19
27776 15
27996 14
27998 2
28048 5
28182 13
28321 3
28433 24
28452 25
28466 12
28475 3
28481 2
28483 5
28514 23
28523 24
28530 2
28538 8
28547 6
28550 2
28556 8
28559 7
28560 58
28586 9
28598 6
28616 2
28627 2
28645 24
28652 2
28665 20
28671 5
28701 2
28727 2
28865 8
28897 13
28907 3
28926 4
28942 7
28951 11
28952 3
29030 11
29032 5
29033 2
29039 12
29086 27
29450 14
30164 23
30267 12
30463 6
30477 16
30503 12
30504 18
30710 2
30729 14
30730 2
30731 3
30732 16
30733 23
30734 9
30745 2
30746 32
30769 2
30776 7
30778 6
30779 6
30782 11
30947 12
31522 3
31561 10
31586 3
31593 2
31596 14
31609 10
31622 4
31628 24
31717 3
31852 6
31857 11
31859 4
31889 3
31891 2
31906 21
31910 12
31911 3
31912 2
31913 2
31916 15
31917 11
31925 15
31933 2
31942 13
32003 7
32023 4
32030 9
32051 3
32091 8
32113 5
32116 14
32193 6
32224 10
32227 7
32229 14
32245 2
32246 3
32279 12
32341 4
32372 2
32398 17
32404 7
32407 4
32408 5
32426 8
32435 2
32449 2
32461 3
32496 15
32502 12
32510 11
32518 3
32561 9
32575 3
32613 2
32740 8
32807 2
32808 6
32829 11
32849 2
32872 11
32904 14
32905 15
32920 4
32931 21
32942 4
32944 2
32946 20
32964 11
32980 7
32996 2
33090 13
33098 15
33105 4
33146 7
33147 12
33155 2
33161 2
33187 16
33206 3
33228 27
33229 2
33230 18
33266 8
33278 2
33279 3
33280 9
33326 2
33330 12
33400 2
33434 46
33436 5
33460 5
33475 6
33604 4
33635 20
33669 10
33674 3
33739 10
33958 18
33959 17
34060 28
34319 35
34409 2
34411 9
34413 14
34418 18
34421 17
34625 14
34839 18
34922 21
34923 16
34926 20
34932 27
34933 8
35066 15
35067 2
35111 11
35161 19
35957 28
36078 6
36085 13
36088 5
36092 13
36093 6
36176 15
36311 11
36393 15
36507 10
36935 10
37001 18
37162 3
37165 3
37166 12
37280 6
37286 11
37306 18
37372 18
37446 4
37450 16
37555 3
37562 11
37614 6
37616 3
38253 3
38397 11
38502 27
38503 16
38551 7
38594 32
38595 10
38636 6
38656 13
38694 9
38704 34
38709 13
38925 17
38926 19
39021 18
39027 7
39100 12
39143 22
39199 9
39230 4
39231 9
39235 12
39296 15
39297 19
39696 11
39775 26
39783 20
40022 2
40086 15
40242 15
40250 12
40256 19
40270 26
40314 8
40710 7
40715 24
40719 27
40724 2
40755 4
40757 3
40764 24
40765 28
41027 23
41028 14
41030 16
41061 2
41068 23
41075 3
41077 14
41079 15
41080 26
41194 2
41195 3
41223 2
41234 17
41238 4
41274 2
42777 6
42778 10
42787 3
42788 3
42789 2
42790 3
42791 2
42806 4
42815 3
42844 9
42883 9
42886 3
42887 5
42892 5
42897 10
42905 9
42912 9
42917 2
42963 4
42966 14
43004 2
43011 10
43017 10
43021 15
43034 9
43043 5
43044 2
43045 9
43047 11
43048 8
43074 3
43083 20
43089 19
43134 2
43143 2
43145 14
43147 9
43149 9
43162 2
43165 2
43172 2
43173 2
43175 2
43176 2
43178 13
43182 9
43184 7
43190 16
43192 11
43200 13
43268 13
43269 11
43270 11
43271 14
43275 4
43277 2
43279 3
43897 8
43923 15
43956 3
43969 7
43986 3
44016 28
44036 33
44326 14
44408 3
44436 9
44481 10
44532 11
44550 26
44552 3
44554 3
44567 15
44596 4
44625 13
45078 13
45122 14
45182 3
45762 11
45803 23
45853 9
45938 10
45944 2
46046 28
46070 15
46071 2
46084 9
46103 7
46153 15
46154 23
46227 7
46241 3
46249 11
46272 28
46276 10
46298 10
46308 3
46310 41
46340 7
46476 10
46515 20
46567 15
46581 8
47149 9
47376 14
47388 3
47389 3
47392 17
47396 11
47403 3
47404 20
47408 33
47637 13
47640 4
47642 2
47644 2
47645 18
47647 25
47666 2
47670 15
47800 2
47845 13
48265 18
48267 19
48268 13
48271 18
48273 2
48278 11
48281 35
48853 15
49037 8
49403 2
50028 7
50320 27
50493 18
50498 2
50683 17
50820 3
50822 5
50973 13
51141 2
51142 5
51148 19
51658 2
51739 21
51807 15
51808 14
51990 24
52138 26
52329 26
53031 17
55397 6
55467 24
55468 19
55469 16
55470 4
55475 5
55476 18
55477 6
55478 27
55484 2
55486 20
55668 15
55676 12
55714 6
55715 5
55716 21
55717 25
55733 15
55760 12
55764 14
55766 2
55767 12
55923 14
55965 3
55966 14
55969 26
55976 2
56378 14
56379 13
56380 11
56381 18
56391 13
56401 2
56494 4
56495 6
58379 7
58380 3
