1 40
2 47
3 44
4 54
5 42
6 46
7 43
8 43
9 42
10 39
11 57
12 51
13 41
14 43
15 40
16 32
17 57
18 33
19 31
20 40
21 35
22 45
23 36
24 44
25 49
26 35
27 43
28 33
29 29
30 30
31 35
32 61
33 40
34 40
35 43
36 51
37 33
38 33
39 53
40 34
41 41
42 42
43 46
44 15
45 39
46 34
47 32
48 67
49 49
50 41
51 65
52 43
53 33
54 34
55 35
56 55
57 33
58 42
59 37
60 50
61 40
62 42
63 49
64 52
65 45
66 45
67 51
68 43
69 34
70 46
71 26
72 34
73 47
74 33
75 58
78 15
79 15
80 25
81 32
82 36
83 27
84 14
85 15
86 16
87 36
88 27
89 17
90 14
91 37
92 15
93 35
94 35
95 37
96 14
97 16
98 35
99 30
100 75
101 55
102 45
103 34
104 34
105 34
106 22
107 46
108 50
109 34
110 39
111 33
112 52
113 50
114 54
115 31
116 32
117 55
118 52
119 31
120 38
121 36
122 44
123 58
124 36
125 34
126 32
127 45
128 48
129 32
130 57
131 43
132 33
133 34
134 33
135 54
136 34
137 38
138 45
139 34
140 48
141 40
142 53
143 41
144 46
145 33
146 56
147 38
148 63
149 37
150 59
151 36
152 37
153 37
154 32
155 46
156 33
157 15
158 26
159 32
160 37
161 36
162 16
163 13
164 15
165 23
166 13
167 38
168 15
169 24
170 34
171 13
172 14
173 14
174 33
175 14
176 35
177 4
178 15
179 31
180 14
181 12
182 33
183 28
184 15
185 13
186 35
187 34
188 17
189 38
190 33
191 31
192 36
193 34
194 34
195 14
196 14
197 30
198 14
199 36
200 14
201 34
202 13
203 15
204 5
205 14
206 15
207 24
208 13
209 37
210 14
211 13
212 14
213 13
214 13
215 13
216 14
217 13
218 38
219 33
220 14
221 35
222 14
223 34
224 33
225 33
226 49
227 36
228 13
229 14
230 36
231 14
232 32
233 33
234 3
235 47
236 26
237 17
238 18
239 16
240 14
241 13
242 32
243 26
244 13
245 35
246 35
248 16
251 38
252 38
253 30
254 39
255 52
256 42
257 76
258 39
259 45
260 43
261 33
262 12
263 42
264 34
265 51
267 49
271 47
272 44
273 47
274 41
275 42
276 39
278 54
279 42
280 47
281 31
282 45
283 46
284 33
285 34
286 39
287 15
288 36
289 36
290 35
291 33
292 37
293 16
294 33
295 37
296 27
297 35
298 35
299 37
300 25
301 13
302 14
303 13
304 13
305 13
306 37
307 32
308 32
309 13
310 33
311 15
714 10
715 8
723 19
724 23
726 13
728 7
729 14
732 30
733 14
734 11
735 3
820 39
824 22
825 4
828 2
829 6
830 11
832 21
834 14
857 29
861 2
867 40
868 6
876 35
877 37
879 10
881 3
906 2
975 32
977 18
995 2
996 3
997 10
998 3
999 10
1045 13
1046 24
1047 12
1048 26
1064 21
1077 15
1078 16
1118 23
1119 2
1122 3
1123 6
1162 16
1163 4
1164 24
1165 15
1171 13
1223 2
1231 14
1417 7
1432 2
1433 7
1434 14
1435 2
1451 4
1453 5
1466 3
1513 13
1514 19
1515 2
1516 18
1521 25
1522 8
1523 14
1524 15
1532 2
1714 19
1718 18
1719 23
1720 14
1721 23
1722 2
1726 9
1727 19
1728 10
1729 4
1730 14
1731 13
1732 4
1733 3
1734 2
1807 14
1808 3
2389 11
2431 12
2445 9
2510 3
2953 3
2973 6
3003 9
3012 62
3071 14
3122 2
3186 3
3201 9
3202 2
3243 11
3274 43
3334 5
3356 16
3357 22
3496 14
3497 24
3500 42
3501 7
3554 34
3555 40
3556 29
3557 32
3563 3
3579 8
3592 6
3596 31
3622 14
3634 20
3693 12
3696 2
3700 9
3720 7
3722 19
3725 31
4027 7
4042 9
4048 18
4349 13
4364 20
4366 6
4373 6
4376 9
4378 6
4382 18
4387 6
4390 7
4393 46
4403 6
4427 6
4434 7
4435 7
4453 6
4457 7
4458 8
4460 7
4464 16
4467 17
5425 30
5449 33
5498 18
5515 24
5888 11
5891 13
5922 17
6043 26
6132 24
6133 20
6135 7
6136 59
6137 7
6138 50
11088 48
15105 2
15118 43
15120 2
15121 2
15132 2
15133 24
15136 42
15194 21
15195 19
15197 19
15201 20
15207 10
15208 11
15211 44
15267 47
15270 37
15274 88
15275 26
15288 28
15295 28
15296 18
15298 44
15302 35
15674 8
15817 9
15922 2
15946 2
15959 8
16081 10
16082 19
16085 9
16138 2
16156 2
16209 14
16223 7
16282 2
16305 2
16317 9
16318 9
16391 9
16783 2
16946 20
17141 2
17159 2
17160 2
17161 2
17178 9
17299 17
17454 19
17455 18
17619 2
17641 4
17643 2
17661 3
17673 2
17703 5
17709 4
17712 3
17714 30
17722 3
17723 7
17728 3
17761 59
17799 129
17800 43
17972 18
18025 28
18316 14
18358 16
18359 97
18385 23
18386 47
19440 6
19478 51
19579 17
19580 27
19660 2
19669 2
19690 25
19743 24
19744 30
19769 35
19770 40
19773 20
19774 32
19884 64
20244 10
20245 18
20246 9
20249 16
20251 19
20252 18
20465 17
20573 9
20576 3
20743 22
20756 7
21012 14
21025 39
21026 9
21413 30
21558 11
21565 19
21566 3
21567 15
21781 18
21783 28
21787 18
22073 6
22121 24
22147 7
22411 3
22515 53
22528 17
22532 11
22537 21
22677 6
22900 20
22902 6
23146 29
23257 23
23369 18
23405 39
23480 18
23488 19
23495 13
23564 7
23580 8
23582 2
23589 6
23662 41
23755 6
23759 3
23774 50
23854 3
23857 13
23858 2
23860 10
23883 2
23887 5
23923 6
23930 30
23986 24
23997 7
24004 25
24043 41
24046 14
24088 15
24089 10
24172 7
24200 14
24222 15
24309 16
24355 17
24447 12
24448 3
24450 10
24492 15
24499 2
24585 3
24586 13
24587 23
24629 2
24635 23
24637 27
24747 14
24769 13
24770 2
24771 7
24772 3
24773 14
24856 16
24857 4
24883 22
24909 10
24991 4
24993 11
25043 3
25175 3
25262 2
25446 14
25451 10
25452 15
25453 8
25536 2
25564 10
25589 12
25590 7
25723 2
25724 4
25854 13
25857 2
25858 2
25860 13
25861 2
25990 16
25995 8
25997 11
26108 12
26271 4
26354 13
26400 4
26402 21
26403 24
26404 8
26405 15
26407 23
26409 14
26491 12
26544 2
26545 15
26674 6
26676 4
26677 8
26678 14
26679 8
26681 15
26682 10
26765 14
26766 3
26767 2
26768 2
26811 8
26812 6
26813 11
26814 26
26815 3
26816 19
26818 3
26902 9
26903 2
26906 10
27039 3
27040 10
27041 30
27042 4
27043 2
27085 10
27087 4
27088 7
27089 11
27090 21
27092 24
27177 10
27226 11
27228 2
27229 10
27230 13
27359 23
27365 3
27637 3
27723 19
27775 30
27776 15
27858 2
27859 2
27995 9
27996 14
27997 27
27998 10
27999 2
28048 14
28182 13
28184 20
28186 9
28270 13
28319 7
28320 8
28321 3
28323 4
28407 15
28433 24
28437 23
28452 25
28453 12
28457 27
28463 31
28466 12
28475 3
28481 2
28483 5
28484 22
28490 2
28514 23
28523 24
28530 2
28532 3
28538 8
28547 6
28550 9
28556 8
28559 7
28560 58
28580 7
28586 9
28589 7
28595 13
28598 6
28604 35
28616 2
28618 15
28627 2
28636 7
28645 24
28652 2
28665 20
28671 5
28674 2
28683 2
28689 15
28692 2
28698 16
28701 2
28710 24
28718 14
28721 8
28727 2
28745 2
28777 22
28789 3
28865 8
28871 15
28897 13
28901 2
28906 16
28907 3
28921 2
28926 4
28927 14
28934 18
28937 15
28938 19
28939 2
28941 9
28942 9
28951 11
28952 3
28957 5
28959 9
29027 2
29030 11
29031 2
29032 12
29033 20
29039 12
29086 27
29444 8
29450 14
29562 7
29975 2
30155 13
30164 23
30267 12
30463 6
30477 16
30503 12
30504 18
30694 2
30710 2
30729 14
30730 2
30731 3
30732 16
30733 23
30734 9
30745 2
30746 32
30751 16
30769 2
30770 23
30776 11
30778 6
30779 6
30782 11
30783 13
30785 18
30794 19
30947 12
31097 2
31522 3
31561 10
31577 32
31586 3
31588 15
31593 2
31596 14
31598 13
31609 10
31614 2
31622 4
31628 24
31717 3
31846 21
31852 6
31857 11
31858 4
31859 4
31864 2
31889 3
31891 2
31903 2
31906 21
31910 12
31911 3
31912 2
31913 2
31914 3
31915 4
31916 15
31917 11
31925 15
31929 8
31933 2
31942 13
32003 7
32014 9
32023 6
32030 9
32040 5
32051 3
32064 18
32090 8
32091 8
32113 5
32116 14
32117 2
32132 2
32193 6
32203 12
32224 10
32227 7
32229 14
32232 22
32245 9
32246 5
32249 7
32252 2
32274 2
32275 27
32279 12
32282 15
32330 5
32341 4
32362 20
32372 2
32395 14
32398 17
32399 15
32400 16
32404 7
32407 6
32408 11
32420 3
32426 8
32435 2
32440 10
32449 2
32461 3
32477 7
32496 15
32500 7
32502 12
32505 2
32506 5
32507 10
32510 11
32513 8
32518 3
32522 16
32552 3
32560 11
32561 9
32564 3
32573 37
32575 3
32582 2
32597 16
32600 3
32611 12
32613 2
32673 8
32740 8
32786 3
32807 2
32808 6
32816 12
32829 11
32831 31
32844 15
32849 2
32861 10
32872 11
32873 20
32904 24
32905 15
32920 4
32931 21
32941 44
32942 4
32944 10
32946 20
32950 9
32964 11
32980 7
32992 6
32993 10
32996 2
33027 9
33090 13
33098 15
33105 4
33144 21
33146 7
33147 14
33153 12
33155 8
33161 2
33171 8
33187 16
33199 2
33205 2
33206 3
33228 27
33229 2
33230 18
33231 9
33266 8
33269 10
33278 2
33279 3
33280 9
33291 7
33326 2
33330 12
33354 15
33400 2
33434 46
33436 5
33460 11
33475 6
33520 13
33521 2
33526 3
33604 4
33635 20
33669 10
33674 3
33739 10
33953 5
33958 18
33959 17
34060 28
34061 15
34319 35
34408 5
34409 2
34410 17
34411 9
34412 34
34413 14
34418 18
34421 19
34459 6
34517 14
34518 8
34624 13
34625 14
34839 18
34922 21
34923 16
34926 20
34932 27
34933 8
34934 6
34978 14
34979 14
35066 15
35067 2
35110 6
35111 11
35112 9
35161 19
35219 12
35878 9
35879 16
35897 24
35932 3
35933 18
35957 28
36077 43
36078 6
36079 6
36085 13
36088 8
36092 13
36093 6
36176 15
36177 17
36180 23
36311 11
36393 15
36493 5
36494 23
36504 19
36505 28
36506 10
36507 10
36766 13
36935 10
36937 8
36978 16
37001 18
37081 13
37162 3
37165 7
37166 12
37280 6
37286 11
37287 10
37289 2
37306 18
37307 15
37308 10
37372 18
37446 4
37450 16
37555 3
37559 13
37560 3
37562 11
37565 16
37567 17
37610 4
37611 26
37612 14
37614 6
37615 36
37616 3
38132 7
38153 21
38250 11
38252 8
38253 3
38397 11
38496 10
38497 12
38502 27
38503 16
38551 7
38594 32
38595 10
38636 14
38656 13
38694 17
38704 34
38709 13
38925 17
38926 19
38927 11
39021 18
39027 7
39100 12
39134 5
39135 18
39143 22
39199 9
39230 4
39231 9
39235 12
39296 15
39297 19
39299 26
39541 24
39687 15
39696 11
39708 20
39775 26
39776 11
39783 20
40014 4
40022 4
40035 26
40086 15
40189 11
40242 15
40250 12
40256 19
40257 26
40270 26
40314 8
40321 15
40519 4
40521 11
40710 7
40711 9
40715 24
40718 31
40719 30
40724 2
40727 8
40732 24
40737 41
40740 18
40746 33
40749 3
40755 4
40757 3
40762 11
40763 33
40764 24
40765 28
40771 30
40772 11
41027 23
41028 14
41030 16
41052 14
41061 2
41063 4
41066 9
41068 23
41069 9
41073 5
41075 3
41077 14
41079 15
41080 26
41081 9
41149 3
41150 2
41151 14
41152 14
41194 2
41195 3
41216 17
41218 2
41223 2
41224 17
41233 2
41234 17
41238 4
41239 11
41273 2
41274 2
41276 16
41348 8
41364 14
41371 15
41467 9
41471 8
41904 50
41923 11
41924 5
41925 3
42168 9
42309 13
42777 6
42778 10
42780 5
42786 8
42787 3
42788 3
42789 2
42790 3
42791 2
42806 4
42815 5
42820 14
42821 7
42823 8
42824 17
42834 8
42836 2
42837 8
42844 9
42883 9
42886 3
42887 5
42892 5
42893 17
42897 10
42905 9
42906 15
42912 9
42914 16
42917 4
42918 36
42919 2
42956 2
42959 2
42962 10
42963 4
42966 14
42967 10
43002 4
43003 4
43004 4
43011 10
43015 2
43016 5
43017 10
43021 15
43033 14
43034 9
43042 2
43043 5
43044 2
43045 9
43047 11
43048 8
43059 2
43060 14
43061 2
43064 10
43074 3
43075 8
43081 22
43082 14
43083 20
43085 10
43087 24
43088 2
43089 19
43134 2
43143 2
43145 14
43147 9
43149 9
43162 2
43165 2
43170 8
43172 2
43173 4
43175 2
43176 2
43177 20
43178 13
43179 10
43182 9
43183 11
43184 7
43188 14
43190 16
43192 11
43200 13
43268 13
43269 11
43270 11
43271 14
43275 4
43276 9
43277 4
43279 3
43865 2
43897 8
43923 15
43930 13
43934 10
43956 3
43964 48
43969 7
43986 13
43991 22
44016 28
44032 9
44036 33
44072 10
44074 14
44088 54
44090 20
44092 69
44098 51
44104 22
44112 17
44115 17
44134 20
44136 12
44140 11
44167 2
44168 9
44173 10
44175 11
44179 11
44190 10
44195 3
44207 10
44218 4
44229 10
44239 12
44241 2
44246 20
44250 11
44256 3
44260 10
44264 23
44272 23
44274 12
44276 6
44279 6
44281 5
44294 6
44326 14
44375 2
44404 31
44408 3
44410 2
44436 9
44481 10
44532 11
44538 12
44550 26
44552 3
44554 3
44567 15
44596 4
44615 14
44625 13
44795 33
44796 50
44798 20
45033 7
45078 13
45122 14
45182 3
45234 3
45242 3
45588 8
45591 7
45668 17
45762 11
45803 23
45846 11
45848 24
45853 9
45859 7
45860 71
45868 12
45938 12
45944 21
45973 25
45974 11
45989 24
45999 26
46006 7
46046 28
46070 15
46071 2
46084 9
46090 43
46091 22
46103 7
46107 14
46108 24
46146 17
46153 15
46154 23
46186 2
46189 85
46197 12
46227 7
46232 17
46241 19
46249 11
46257 6
46264 2
46272 28
46276 10
46298 10
46308 11
46310 41
46311 22
46340 7
46359 38
46361 37
46364 16
46434 20
46437 15
46449 27
46476 10
46480 6
46492 19
46515 20
46516 2
46524 12
46527 23
46528 17
46556 14
46567 15
46581 8
46588 18
46589 2
46652 23
46653 8
46846 14
46863 7
46874 13
47024 3
47149 9
47311 15
47312 11
47321 11
47376 14
47377 12
47388 3
47389 3
47392 17
47393 18
47396 11
47397 4
47400 10
47402 14
47403 3
47404 20
47405 8
47407 10
47408 33
47409 3
47410 14
47503 15
47543 15
47559 21
47637 13
47640 4
47642 6
47644 2
47645 18
47647 25
47655 16
47657 11
47659 17
47662 18
47666 4
47670 15
47800 5
47845 13
47861 17
47900 7
47901 14
48063 8
48084 17
48096 7
48265 18
48266 29
48267 19
48268 13
48270 23
48271 18
48272 8
48273 2
48278 11
48279 10
48280 14
48281 35
48523 19
48853 15
48860 10
49035 8
49037 8
49116 18
49143 6
49147 9
49151 2
49152 13
49155 16
49156 18
49403 2
49404 3
49530 11
49920 11
49921 23
50028 7
50106 12
50173 8
50174 3
50219 3
50257 10
50315 11
50318 8
50319 31
50320 27
50433 9
50493 18
50494 7
50498 2
50541 4
50578 10
50597 9
50598 10
50603 3
50604 9
50609 3
50610 4
50612 11
50615 10
50616 9
50619 58
50620 9
50621 9
50622 3
50623 10
50627 104
50634 115
50635 12
50653 21
50657 13
50658 12
50676 7
50680 9
50681 16
50682 16
50683 17
50684 13
50688 5
50820 3
50822 5
50858 17
50923 8
50928 11
50971 2
50973 13
50974 13
50996 2
51141 2
51142 5
51143 15
51145 3
51148 19
51255 26
51397 20
51628 13
51658 5
51738 2
51739 21
51792 11
51796 23
51797 2
51802 3
51804 4
51807 22
51808 14
51810 2
51815 12
51822 7
51989 9
51990 24
52138 26
52329 26
52623 20
53031 17
53812 7
53929 26
55397 6
55467 24
55468 19
55469 16
55470 4
55475 5
55476 18
55477 6
55478 27
55484 2
55486 20
55668 15
55676 12
55714 6
55715 5
55716 21
55717 25
55733 15
55760 12
55761 8
55764 14
55766 2
55767 12
55923 14
55960 2
55961 2
55962 16
55963 21
55965 3
55966 14
55968 8
55969 26
55976 2
56378 14
56379 13
56380 11
56381 18
56391 13
56401 2
56493 14
56494 4
56495 6
56496 12
56497 2
57987 16
58198 27
58379 7
58380 3
59183 10
59187 50
59200 2
59235 9
59367 36
59368 9
59369 9
59371 9
59372 9
59373 16
59374 9
59375 22
59376 8
59377 9
59378 17
59379 9
59380 9
59381 10
59382 10
59383 20
59384 11
59385 10
59386 8
59387 2
59388 9
59389 18
59390 10
59391 9
59392 9
59394 8
59395 23
59397 23
59398 12
59399 20
59401 12
59402 18
59403 10
59404 8
59405 17
59406 20
59408 9
59409 8
59410 8
59411 9
59412 10
59413 22
59414 8
59415 7
59416 9
59417 11
59418 2
59420 19
59421 20
59422 9
59423 2
59424 11
59425 9
59426 8
59427 8
59428 9
