208
74 2
787 223
76 7
345 202
438 10
730 190
413 10
343 172
398 11
726 164
724 13
258 157
131 14
727 146
109 14
342 142
105 14
333 131
393 14
791 128
439 16
836 126
414 16
364 124
425 17
777 124
164 17
789 119
380 17
774 119
157 18
790 115
505 19
785 115
195 19
829 113
550 20
771 108
538 20
362 105
616 20
90 103
518 20
816 103
663 20
330 100
636 20
253 96
648 20
827 89
548 21
359 88
423 21
463 88
141 21
28 86
151 21
118 85
126 21
146 84
91 21
472 83
405 21
813 81
554 22
508 77
571 22
392 74
533 22
812 73
542 22
818 71
581 22
559 71
520 22
355 69
668 22
389 66
667 22
354 64
632 22
459 64
137 22
752 63
119 22
762 63
165 22
674 62
82 22
735 62
210 22
267 60
206 23
69 59
95 23
471 59
230 23
481 58
489 24
452 58
639 24
558 57
33 24
487 56
4 24
44 55
410 24
685 54
567 25
367 53
573 25
568 53
580 25
87 51
700 25
672 51
160 25
805 51
18 25
49 50
73 25
807 50
613 26
296 49
587 26
757 49
601 26
747 49
186 26
759 49
196 26
353 48
294 26
795 48
448 27
718 47
107 27
272 46
31 27
88 46
12 27
655 46
221 27
305 45
269 27
351 44
490 28
755 44
651 28
461 44
19 28
174 43
594 29
629 43
163 29
279 41
96 29
235 41
265 29
348 41
653 30
25 41
299 30
39 41
654 31
625 41
689 31
397 39
179 31
703 39
63 31
434 39
250 31
566 39
607 32
295 38
680 32
219 38
316 32
690 38
313 32
583 38
692 33
598 37
697 33
537 37
211 33
232 36
614 34
216 36
465 34
244 36
170 34
240 36
6 34
85 36
59 34
193 36
387 34
635 36
283 34
658 36
531 35
515 36
492 35
442 36
347 35
609 36
