210
738 2
346 241
376 6
373 209
437 10
344 197
412 10
335 172
436 11
365 165
77 12
778 163
430 14
767 149
156 14
340 142
130 14
336 131
404 14
831 130
739 15
257 127
401 16
331 124
386 16
783 124
110 17
766 120
409 17
779 119
132 18
255 115
424 19
814 115
190 19
754 114
551 20
363 110
527 20
325 106
549 20
770 104
621 20
821 103
662 20
464 101
677 20
371 98
647 20
360 92
536 21
620 89
445 21
468 88
140 21
375 86
149 21
80 85
123 21
29 84
86 21
482 83
104 21
765 82
553 22
457 78
563 22
825 75
530 22
711 73
541 22
824 71
547 22
560 71
450 22
356 69
523 22
801 67
666 22
72 65
631 22
462 64
686 22
800 63
158 22
734 63
202 22
645 62
81 22
733 62
78 22
27 61
114 23
603 60
177 23
517 59
220 23
763 58
485 24
454 58
678 24
320 57
706 24
493 56
3 24
557 56
395 24
134 54
308 24
577 54
572 25
576 53
579 25
366 51
699 25
644 51
705 25
809 51
7 25
52 50
70 25
808 50
611 26
796 50
586 26
758 49
597 26
748 49
185 26
746 49
194 26
388 48
249 26
797 48
284 26
719 47
152 27
453 47
161 27
103 46
11 27
684 46
239 27
312 45
297 27
300 44
504 28
717 44
679 28
741 44
10 28
175 43
588 29
838 43
204 29
451 42
45 29
293 41
261 29
349 41
681 30
54 41
298 30
50 41
433 31
460 41
682 31
683 40
162 31
0 39
61 31
708 39
381 31
585 39
282 31
281 38
595 32
227 38
67 32
236 38
311 32
470 38
691 33
707 37
696 33
584 37
317 33
233 36
314 33
222 36
628 34
245 36
478 34
241 36
37 34
101 36
23 34
205 36
377 34
643 36
278 34
669 36
556 35
516 36
506 35
498 36
129 35
615 36
262 35
228 35
