-3 2
-4 2
-5 2
-6 2
-7 2
-8 2
-9 2
-10 2
-11 2
-12 2
-13 2
-14 2
-15 2
-16 2
-17 2
-18 2
-19 2
-20 2
-21 2
-22 2
-23 2
-24 2
-25 2
-26 2
-27 2
-28 2
-29 2
-30 2
-31 2
-32 2
-33 2
-34 2
-35 2
-36 2
-37 2
-38 2
-39 2
-40 2
-41 2
-42 2
-43 2
-44 2
-45 2
-46 2
-47 2
-48 2
-49 2
-50 2
-51 2
-52 2
-53 2
-54 2
-55 2
-56 2
-57 2
-58 2
-59 2
-60 2
-61 2
-62 2
-63 2
-64 2
-65 2
-66 2
-67 2
-68 2
-69 2
-70 2
-71 2
-72 2
-73 2
-74 2
-75 2
-76 2
-77 2
-78 2
-79 2
-80 2
-81 2
-82 2
-83 2
-84 2
-85 2
-86 2
-87 2
-88 2
-89 2
-90 2
-91 2
-92 2
-93 2
-94 2
-95 2
-96 2
-97 2
-98 2
-99 2
-100 2
-101 2
-102 2
-103 2
-104 2
-105 2
-106 2
-107 2
-108 2
-109 2
-110 2
-111 2
-112 2
-113 2
-114 2
-115 2
-116 2
-117 2
-118 2
-119 2
-120 2
-121 2
-122 2
-123 2
-124 2
-125 2
-126 2
-127 2
-128 2
-129 2
-130 2
-131 2
-132 2
-133 2
-134 2
-135 2
-136 2
-137 2
-138 2
-139 2
-140 2
-141 2
-142 2
-143 2
-144 2
-145 2
-146 2
-147 2
-148 2
-149 2
-150 2
-151 2
-152 2
-153 2
-154 2
-155 2
-156 2
-157 2
-158 2
-159 2
-160 2
-161 2
-162 2
-163 2
-164 2
-165 2
-166 2
-167 2
-168 2
-169 2
-170 2
-171 2
-172 2
-173 2
-174 2
-175 2
-176 2
-177 2
-178 2
-179 2
-180 2
-181 2
-182 2
-183 2
-184 2
-185 2
-186 2
-187 2
-188 2
-189 2
-190 2
-191 2
-192 2
-193 2
-194 2
-195 2
-196 2
-197 2
-198 2
-199 2
-200 2
-201 2
-202 2
-203 2
-204 2
-205 2
-206 2
-207 2
-208 2
-209 2
-210 2
-211 2
-212 2
-213 2
-214 2
-215 2
-216 2
-217 2
-218 2
-219 2
-220 2
-221 2
-222 2
-223 2
-224 2
-225 2
-226 2
-227 2
-228 2
-229 2
-230 2
-231 2
-232 2
-233 2
-234 2
-235 2
-236 2
-237 2
-238 2
-239 2
-240 2
-241 2
-242 2
-243 2
-244 2
-245 2
-246 2
-247 2
-248 2
-249 2
-250 2
-251 2
-252 2
-253 2
-254 2
-255 2
-256 2
-257 2
-258 2
-259 2
-260 2
-261 2
-262 2
-264 2
-265 2
-266 2
-267 2
-268 2
-269 2
-270 2
-271 2
-272 2
-273 2
-274 2
-275 2
-276 2
-280 2
-282 2
-283 2
-284 2
-285 2
-286 2
-287 2
-288 2
-289 2
-290 2
-291 2
-292 2
-293 2
-296 2
-298 2
-299 2
-300 2
-301 2
-302 2
-303 2
-304 2
-305 2
-306 2
-307 2
-308 2
-309 2
-310 2
-311 2
-59431 2
-59434 2
-59437 2
-59440 2
-59443 2
-59446 2
-59449 2
-59452 2
-59455 2
-59458 2
-59461 2
-59464 2
-59467 2
-59470 2
-59473 2
-59476 2
-59479 2
-59482 2
-59485 2
-59488 2
-59491 2
-59494 2
-59497 2
-59500 2
-59503 2
-59506 2
-59509 2
-59512 2
-59515 2
-59518 2
-59521 2
-59524 2
-59527 2
-59530 2
-59533 2
-59536 2
-59539 2
-59542 2
-59545 2
-59548 2
-59551 2
-59554 2
-59557 2
-59560 2
-59563 2
-59566 2
-59569 2
-59572 2
-59575 2
-59578 2
-59581 2
-59584 2
-59587 2
-59590 2
-59593 2
-59596 2
-59599 2
-59602 2
-59605 2
-59608 2
-59611 2
-59614 2
-59617 2
-59620 2
-59623 2
-59626 2
-59629 2
-59632 2
-59635 2
-59638 2
-59641 2
-59644 2
-59647 2
-59650 2
-59653 2
-59656 2
-59659 2
-59662 2
-59665 2
-59668 2
-59671 2
-59674 2
-59677 2
-59680 2
-59683 2
-59686 2
-59689 2
-59692 2
-59695 2
-59698 2
-59701 2
-59704 2
-59707 2
-59710 2
-59713 2
-59716 2
-59719 2
-59722 2
-59725 2
-59728 2
-59731 2
-59734 2
-59737 2
-59740 2
-59743 2
-59746 2
-59749 2
-59752 2
-59755 2
-59758 2
-59761 2
-59764 2
-59767 2
-59770 2
-59773 2
-59776 2
-59779 2
-59782 2
-59785 2
-59788 2
-59791 2
-59794 2
-59797 2
-59800 2
-59803 2
-59806 2
-59809 2
-59812 2
-59815 2
-59818 2
-59821 2
-59824 2
-59827 2
-59830 2
-59833 2
-59839 2
-59842 2
-59845 2
-59848 2
-59854 2
-59866 2
-59869 2
-59872 2
-59875 2
-59878 2
-59881 2
-59884 2
-59887 2
-59890 2
-59893 2
-59896 2
-59899 2
-59902 2
-59905 2
-59908 2
-59941 2
-59942 2
-59943 2
-61548 2
-61549 2
-61627 2
-61628 2
-61643 2
-61644 2
-61648 2
-61649 2
-61671 2
-61694 2
-61695 2
-61719 2
-61720 2
-61732 2
-61733 2
-61743 2
-61744 2
-61884 2
-61885 2
-62021 2
-62022 2
-62031 2
-62032 2
-62042 2
-62043 2
-62124 2
-62125 2
-62129 2
-62130 2
-62152 2
-62153 2
-62220 2
-62231 2
-62232 2
-62242 2
-62243 2
-62253 2
-62254 2
-62288 2
-62289 2
-62310 2
-62311 2
-62332 2
-62333 2
-63639 2
-63640 2
-83440 2
-83441 2
-83442 2
-84476 2
-84477 2
-84478 2
-84560 2
-84561 2
-84562 2
-84563 2
-84564 2
-84874 2
-84875 2
-84876 2
-85335 2
-85336 2
-85337 2
-85341 2
-85342 2
-85343 2
-85347 2
-85348 2
-85349 2
-85353 2
-85354 2
-85355 2
-85356 2
-85357 2
-85393 2
-85394 2
-85395 2
-85399 2
-85400 2
-85401 2
-85405 2
-85406 2
-85407 2
-85411 2
-85412 2
-85413 2
-85417 2
-85418 2
-85419 2
-85420 2
-85421 2
-86613 2
-86614 2
-86615 2
-86669 2
-86670 2
-86671 2
-86877 2
-86878 2
-86879 2
-86895 2
-86896 2
-86897 2
-86901 2
-86902 2
-86903 2
-86904 2
-86905 2
-87194 2
-87195 2
-87196 2
-87200 2
-87201 2
-87202 2
-87211 2
-87212 2
-87213 2
-88217 2
-88218 2
-88219 2
-88483 2
-88484 2
-88485 2
-88489 2
-88490 2
-88491 2
-88495 2
-88496 2
-88497 2
-88507 2
-88508 2
-88509 2
-88510 2
-88511 2
-88556 2
-88557 2
-88558 2
-88562 2
-88563 2
-88564 2
-88773 2
-88774 2
-91045 2
-91046 2
-91047 2
-91051 2
-91052 2
-91053 2
-91069 2
-91070 2
-91071 2
-91072 2
-91073 2
-91207 2
-91208 2
-91209 2
-91698 2
-91699 2
-91700 2
-91704 2
-91705 2
-91706 2
-91710 2
-91711 2
-91712 2
-91716 2
-91717 2
-91718 2
-91722 2
-91723 2
-91724 2
-91725 2
-91726 2
-91902 2
-91903 2
-100738 2
-100739 2
-100826 2
-100845 2
-100846 2
-100933 2
-100938 2
-100970 2
-100971 2
-100975 2
-101114 2
-101115 2
-101186 2
-101187 2
-101229 2
-101247 2
-101313 2
-101314 2
-101398 2
-101410 2
-101411 2
-101415 2
-101416 2
-101446 2
-101447 2
-101490 2
-101491 2
-101495 2
-101496 2
-101514 2
-101515 2
-101569 2
-101570 2
-101587 2
-101588 2
-101592 2
-101593 2
-101604 2
-101605 2
-101622 2
-101623 2
-101654 2
-101655 2
-101716 2
-101717 2
-101782 2
-101783 2
-101800 2
-101801 2
-102415 2
-102417 2
-103196 2
-103197 2
-103245 2
-103246 2
-103256 2
-103257 2
-103506 2
-109910 2
-109911 2
-109912 2
-109941 2
-109942 2
-109943 2
-110585 2
-110586 2
-110587 2
-110588 2
-110589 2
-110873 2
-110874 2
-110875 2
-110879 2
-110880 2
-110881 2
-110885 2
-110886 2
-110887 2
-110891 2
-110892 2
-110893 2
-110897 2
-110898 2
-110899 2
-110900 2
-110901 2
-111060 2
-111061 2
-111062 2
-111066 2
-111067 2
-111068 2
-111078 2
-111079 2
-111080 2
-111358 2
-111359 2
-111360 2
-111364 2
-111365 2
-111366 2
-111390 2
-111391 2
-111392 2
-111396 2
-111397 2
-111398 2
-111649 2
-111650 2
-111651 2
-111652 2
-111653 2
-111975 2
-111976 2
-111977 2
-111981 2
-111982 2
-111983 2
-112039 2
-112040 2
-112041 2
-113168 2
-113169 2
-113170 2
-113256 2
-113257 2
-113258 2
-113262 2
-113263 2
-113264 2
-113274 2
-113275 2
-113276 2
-113277 2
-113278 2
-113390 2
-113391 2
-113392 2
-113480 2
-113481 2
-113482 2
-113791 2
-113792 2
-113793 2
-113803 2
-113804 2
-113805 2
-113809 2
-113810 2
-113811 2
-113815 2
-113816 2
-113817 2
-113818 2
-113819 2
-113855 2
-113856 2
-113857 2
-113861 2
-113862 2
-113863 2
-113867 2
-113868 2
-113869 2
-113873 2
-113874 2
-113875 2
-113879 2
-113880 2
-113881 2
-113882 2
-113883 2
-115113 2
-115114 2
-115115 2
-115359 2
-115360 2
-115361 2
-115371 2
-115372 2
-115373 2
-115377 2
-115378 2
-115379 2
-115383 2
-115384 2
-115385 2
-115389 2
-115390 2
-115391 2
-115395 2
-115396 2
-115397 2
-115398 2
-115399 2
-115421 2
-115422 2
-115423 2
-115435 2
-115436 2
-115437 2
-115441 2
-115442 2
-115443 2
-115447 2
-115448 2
-115449 2
-115453 2
-115454 2
-115455 2
-115459 2
-115460 2
-115461 2
-115462 2
-115463 2
-115941 2
-115942 2
-115943 2
-120307 2
-120308 2
-120309 2
-123352 2
-123353 2
-123354 2
-125331 2
-125332 2
-125506 2
-125507 2
-125636 2
-125696 2
-125697 2
-125991 2
-125992 2
-126026 2
-126136 2
-126151 2
-127795 2
-127796 2
-127882 2
-127883 2
-127992 2
-127993 2
-128178 2
-128179 2
-128198 2
-128199 2
-128218 2
-128219 2
-128233 2
-128234 2
-128278 2
-128279 2
-128800 2
-128801 2
-129102 2
-129103 2
-129486 2
-129487 2
-129488 2
-129489 2
-129669 2
-129670 2
-129674 2
-129675 2
-129754 2
-129755 2
-129756 2
-130966 2
-130967 2
-131006 2
-131007 2
-131011 2
-131012 2
-131456 2
-131457 2
-132864 2
-132918 2
-132996 2
-132999 2
-133000 2
-133013 2
-133014 2
-133017 2
-133018 2
-133053 2
-133076 2
-133077 2
-133080 2
-133081 2
-133103 2
-133104 2
-133107 2
-133108 2
-133121 2
-133122 2
-133125 2
-133126 2
-133157 2
-133158 2
-133161 2
-133162 2
-133202 2
-133203 2
-133206 2
-133207 2
-133229 2
-133230 2
-133233 2
-133234 2
-133256 2
-133257 2
-133260 2
-133261 2
-133347 2
-133350 2
-133351 2
-133562 2
-133563 2
-133566 2
-133567 2
-133625 2
-133626 2
-133629 2
-133630 2
-133634 2
-133635 2
-133638 2
-133639 2
-133737 2
-133764 2
-133796 2
-133797 2
-133800 2
-133801 2
-133832 2
-133833 2
-133836 2
-133837 2
-133841 2
-133842 2
-133845 2
-133846 2
-133859 2
-133860 2
-133863 2
-133864 2
-133881 2
-133895 2
-133896 2
-133899 2
-133900 2
-133922 2
-133923 2
-133926 2
-133927 2
-139386 2
-139480 2
-139481 2
-139770 2
-141170 2
-141171 2
-141250 2
-141251 2
-141305 2
-141306 2
-142680 2
-142681 2
-143490 2
-143491 2
-143495 2
-143496 2
-143815 2
-143816 2
-143820 2
-143821 2
-143875 2
-143876 2
-143880 2
-143881 2
-143895 2
-143896 2
-143900 2
-143901 2
-143920 2
-143921 2
-143935 2
-143936 2
-143945 2
-143946 2
-143950 2
-143951 2
-143955 2
-143956 2
-143970 2
-143971 2
-143975 2
-143976 2
-143985 2
-143986 2
-144445 2
-144446 2
-144725 2
-144726 2
-145115 2
-145116 2
-145130 2
-145131 2
-145140 2
-145141 2
-145150 2
-145151 2
-145155 2
-145156 2
-145165 2
-145166 2
-145205 2
-145206 2
-145215 2
-145216 2
-145225 2
-145226 2
-145260 2
-145261 2
-145280 2
-145281 2
-145930 2
-145931 2
-146235 2
-146236 2
-146430 2
-146435 2
-148255 2
-148256 2
-148260 2
-148261 2
-148265 2
-148266 2
-148270 2
-148271 2
-148280 2
-148281 2
-148285 2
-148286 2
-148295 2
-148296 2
-148320 2
-148321 2
-148330 2
-148331 2
-148335 2
-148336 2
-149545 2
-149546 2
-151185 2
-151186 2
-151195 2
-151196 2
-152510 2
-152511 2
-152710 2
-152711 2
-153945 2
-153946 2
-156530 2
-156531 2
-156535 2
-156536 2
-157460 2
-157461 2
-158515 2
-158516 2
-158520 2
-158521 2
-158525 2
-158526 2
-158530 2
-158531 2
-159095 2
-159096 2
-159395 2
-159396 2
-159400 2
-159401 2
-159635 2
-159636 2
-159820 2
-159821 2
-160067 2
-160079 2
-160203 2
-160687 2
-214206 2
-214207 2
-220801 2
-220803 2
-234403 2
-234405 2
-234406 2
-234515 2
-234517 2
-234518 2
-234550 2
-234552 2
-234553 2
-234585 2
-234587 2
-234588 2
-234655 2
-234657 2
-234658 2
-234795 2
-234797 2
-234798 2
-234935 2
-234937 2
-234938 2
-235005 2
-235006 2
-235007 2
-235008 2
-235040 2
-235042 2
-235043 2
-235342 2
-235343 2
-235432 2
-235433 2
-235522 2
-235523 2
-235737 2
-235738 2
-237362 2
-237367 2
-237368 2
-237372 2
-237392 2
-237397 2
-237398 2
-237402 2
-237403 2
-238442 2
-238443 2
-238972 2
-238987 2
-239812 2
-239813 2
-241182 2
-241183 2
-241187 2
-243777 2
-243778 2
-243812 2
-244887 2
-244888 2
-244897 2
-244907 2
-244908 2
-246522 2
-246523 2
-250121 2
-250122 2
-250123 2
-250124 2
-250157 2
-250158 2
-250159 2
-250160 2
-250230 2
-250233 2
-250234 2
-252542 2
-252543 2
-252544 2
-252545 2
-252695 2
-252696 2
-252697 2
-252698 2
-252704 2
-252705 2
-252706 2
-252707 2
-252713 2
-252714 2
-252715 2
-252716 2
-252722 2
-252723 2
-252724 2
-252725 2
-252857 2
-252858 2
-252861 2
-252862 2
-254604 2
-254607 2
-254622 2
-254625 2
-254630 2
-254631 2
-254634 2
-254635 2
-254643 2
-254675 2
-254676 2
-254679 2
-254680 2
-255773 2
-255774 2
-255775 2
-255776 2
-255935 2
-255936 2
-255939 2
-255940 2
-259166 2
-259167 2
-259170 2
-259171 2
-259193 2
-259194 2
-259197 2
-259198 2
-259661 2
-259662 2
-259663 2
-259664 2
-259958 2
-259959 2
-259962 2
-259963 2
-260012 2
-260013 2
-260016 2
-260017 2
-260300 2
-260301 2
-260302 2
-260303 2
-260309 2
-260310 2
-260311 2
-260312 2
-260318 2
-260319 2
-260320 2
-260321 2
-260525 2
-260526 2
-260527 2
-260528 2
-260642 2
-260643 2
-260646 2
-260647 2
-260660 2
-260661 2
-260664 2
-260665 2
-260957 2
-260958 2
-260959 2
-260960 2
-261156 2
-261159 2
-261160 2
-261596 2
-261597 2
-261598 2
-261599 2
-261614 2
-261615 2
-261616 2
-261617 2
-261767 2
-261768 2
-261769 2
-261770 2
-261776 2
-261777 2
-261778 2
-261779 2
-261794 2
-261795 2
-261796 2
-261797 2
-261821 2
-261822 2
-261823 2
-261824 2
-261956 2
-261957 2
-261960 2
-261961 2
-262253 2
-262254 2
-262255 2
-262256 2
-262433 2
-262434 2
-262437 2
-262438 2
-263549 2
-263550 2
-263551 2
-263552 2
-263765 2
-263766 2
-263767 2
-263768 2
-263805 2
-263823 2
-265152 2
-265155 2
-265178 2
-265179 2
-265182 2
-265183 2
-265673 2
-265674 2
-265677 2
-265678 2
-266438 2
-266439 2
-266442 2
-266443 2
-266447 2
-266448 2
-266451 2
-266452 2
-266474 2
-266475 2
-266478 2
-266479 2
-266483 2
-266484 2
-266487 2
-266488 2
-268400 2
-268401 2
-268404 2
-268405 2
-269942 2
-269943 2
-270179 2
-270180 2
-270204 2
-270205 2
-270214 2
-270215 2
-270219 2
-270220 2
-270234 2
-270235 2
-271187 2
-271188 2
-271697 2
-272056 2
-272057 2
-272092 2
-273325 2
-273326 2
-277388 2
-277389 2
-277943 2
-277944 2
-278523 2
-278524 2
-279353 2
-279354 2
-279355 2
-279356 2
-279357 2
-280161 2
-280162 2
-280163 2
-280164 2
-280165 2
-280247 2
-280248 2
-280249 2
-280250 2
-280251 2
-280932 2
-280933 2
-280934 2
-280935 2
-280936 2
-280940 2
-280941 2
-280942 2
-280943 2
-280944 2
-280956 2
-280957 2
-280958 2
-280959 2
-280960 2
-281128 2
-281129 2
-281130 2
-281131 2
-281132 2
-281168 2
-281169 2
-281170 2
-281171 2
-281172 2
-281208 2
-281209 2
-281210 2
-281211 2
-281212 2
-281302 2
-281303 2
-281304 2
-281305 2
-281306 2
-281396 2
-281397 2
-281398 2
-281399 2
-281400 2
-281460 2
-281461 2
-281462 2
-281463 2
-281464 2
-281492 2
-281493 2
-281494 2
-281495 2
-281496 2
-281524 2
-281525 2
-281526 2
-281527 2
-281528 2
-281532 2
-281533 2
-281534 2
-281535 2
-281536 2
-281548 2
-281549 2
-281550 2
-281647 2
-281648 2
-281649 2
-281650 2
-281651 2
-282233 2
-282235 2
-282236 2
-282278 2
-282279 2
-282280 2
-282281 2
-282282 2
-282286 2
-282287 2
-282288 2
-282289 2
-282290 2
-282310 2
-282311 2
-282312 2
-282313 2
-282314 2
-282318 2
-282319 2
-282320 2
-282321 2
-282322 2
-282720 2
-282721 2
-282722 2
-282723 2
-282724 2
-282959 2
-282960 2
-282961 2
-282962 2
-282963 2
-283101 2
-283103 2
-283129 2
-283130 2
-283150 2
-283151 2
-283152 2
-283153 2
-283154 2
-284523 2
-284524 2
-284525 2
-284541 2
-284542 2
-284543 2
-284547 2
-284548 2
-284549 2
-284550 2
-284554 2
-284555 2
-284556 2
-284572 2
-284573 2
-284574 2
-284575 2
-293555 2
-293556 2
-293557 2
-293558 2
-293559 2
-293673 2
-293674 2
-293675 2
-293676 2
-293677 2
-295161 2
-295162 2
-295163 2
-295164 2
-295165 2
-295193 2
-295194 2
-295195 2
-295196 2
-295197 2
-295317 2
-295318 2
-295319 2
-295320 2
-295321 2
-295381 2
-295382 2
-295383 2
-295384 2
-295385 2
-295389 2
-295390 2
-295391 2
-295473 2
-295474 2
-295475 2
-295479 2
-295480 2
-295481 2
-295482 2
-295483 2
-295575 2
-295576 2
-295577 2
-295578 2
-295579 2
-295621 2
-295622 2
-295623 2
-295624 2
-295625 2
-295677 2
-295678 2
-295679 2
-295680 2
-295681 2
-295687 2
-295688 2
-295699 2
-295700 2
-295701 2
-295702 2
-295703 2
-295707 2
-295708 2
-295709 2
-295710 2
-295711 2
-295715 2
-295716 2
-295717 2
-295718 2
-295719 2
-295723 2
-295724 2
-295725 2
-295726 2
-295727 2
-295731 2
-295732 2
-295733 2
-295734 2
-295735 2
-295739 2
-295740 2
-295741 2
-295742 2
-295743 2
-295747 2
-295748 2
-295749 2
-295750 2
-295751 2
-297201 2
-297202 2
-297203 2
-297204 2
-297205 2
-297257 2
-297258 2
-297259 2
-297260 2
-297261 2
-301602 2
-301603 2
-301644 2
-301645 2
-301646 2
-301647 2
-301651 2
-301652 2
-301653 2
-301654 2
-301791 2
-301792 2
-301793 2
-301794 2
-301847 2
-301848 2
-301849 2
-301850 2
-301896 2
-301897 2
-302295 2
-302296 2
-302337 2
-302338 2
-302339 2
-302340 2
-302610 2
-302611 2
-302612 2
-302613 2
-302652 2
-302653 2
-302654 2
-302655 2
-302722 2
-302723 2
-302724 2
-302725 2
-302967 2
-302968 2
-302969 2
-302970 2
-303093 2
-303094 2
-303095 2
-303096 2
-303282 2
-303283 2
-303735 2
-303889 2
-303890 2
-303940 2
-304424 2
-304425 2
-304579 2
-304580 2
-304669 2
-304670 2
-304924 2
-304925 2
-305359 2
-305360 2
-305514 2
-305515 2
-305709 2
-305710 2
-307049 2
-307050 2
-307074 2
-307075 2
-307079 2
-307080 2
-307564 2
-307565 2
-307569 2
-307570 2
-307574 2
-307575 2
-308819 2
-308820 2
-309264 2
-309265 2
-309269 2
-309270 2
-309279 2
-309280 2
-309284 2
-309285 2
-309309 2
-309310 2
-309324 2
-309325 2
-309514 2
-309515 2
-309789 2
-309790 2
-309794 2
-309795 2
-310314 2
-310315 2
-310319 2
-310320 2
-311359 2
-311360 2
-311764 2
-311765 2
-311769 2
-311770 2
-311784 2
-311785 2
-311814 2
-311815 2
-311819 2
-311820 2
-311824 2
-311825 2
-311829 2
-311830 2
-312044 2
-312045 2
-312049 2
-312050 2
-312484 2
-312485 2
-312699 2
-312700 2
-312704 2
-312705 2
-312709 2
-312710 2
-312954 2
-312955 2
-316459 2
-316460 2
-316539 2
-316540 2
-316714 2
-316715 2
-316719 2
-316720 2
-316839 2
-316840 2
-317424 2
-317425 2
-317429 2
-317430 2
-317434 2
-317435 2
-317464 2
-317465 2
-317479 2
-317480 2
-317489 2
-317490 2
-317494 2
-317495 2
-317909 2
-317910 2
-317914 2
-317915 2
-317929 2
-317930 2
-318554 2
-318555 2
-318954 2
-318955 2
-319444 2
-319445 2
-319449 2
-319450 2
-319499 2
-319500 2
-319504 2
-319505 2
-319514 2
-319515 2
-321604 2
-321605 2
-321614 2
-321615 2
-321819 2
-321820 2
-321924 2
-321925 2
-322324 2
-322325 2
-322719 2
-322720 2
-322724 2
-322725 2
-323264 2
-323265 2
-323294 2
-323295 2
-323299 2
-323300 2
-323379 2
-323380 2
-323384 2
-323385 2
-323389 2
-323390 2
-323709 2
-323710 2
-324069 2
-324070 2
-324089 2
-324090 2
-324594 2
-324595 2
-324614 2
-324615 2
-324619 2
-324620 2
-324629 2
-324630 2
-324644 2
-324645 2
-324654 2
-324655 2
-324869 2
-324870 2
-324884 2
-324885 2
-324889 2
-324890 2
-327494 2
-327495 2
-328132 2
-328133 2
-328134 2
-328135 2
-328136 2
-328137 2
-328150 2
-328153 2
-328154 2
-328155 2
-328906 2
-328907 2
-328908 2
-328909 2
-328910 2
-328911 2
-329347 2
-329350 2
-329351 2
-329352 2
-329365 2
-329366 2
-329367 2
-329383 2
-329384 2
-329385 2
-329386 2
-329387 2
-329388 2
-330139 2
-330140 2
-330141 2
-330142 2
-330143 2
-330144 2
-330607 2
-330608 2
-330609 2
-330610 2
-330611 2
-330612 2
-332596 2
-332597 2
-332598 2
-332599 2
-332600 2
-332601 2
-332605 2
-332608 2
-332609 2
-332610 2
-332614 2
-332615 2
-332616 2
-332617 2
-332618 2
-332619 2
-332623 2
-332626 2
-332627 2
-332628 2
-332632 2
-332633 2
-332634 2
-332635 2
-332636 2
-332637 2
-333073 2
-333074 2
-333075 2
-333076 2
-333077 2
-333078 2
-333082 2
-333085 2
-333086 2
-333087 2
-333829 2
-333830 2
-333831 2
-334072 2
-334075 2
-334076 2
-334077 2
-336772 2
-336773 2
-336774 2
-336775 2
-336776 2
-336777 2
-337978 2
-337979 2
-337980 2
-337981 2
-337982 2
-337983 2
-338005 2
-338006 2
-338007 2
-338008 2
-338009 2
-338010 2
-338014 2
-338015 2
-338016 2
-338017 2
-338018 2
-338019 2
-339004 2
-339007 2
-339008 2
-339009 2
-339175 2
-339176 2
-339177 2
-339178 2
-339179 2
-339180 2
-339193 2
-339194 2
-339195 2
-339196 2
-339197 2
-339198 2
-339202 2
-339203 2
-339204 2
-339211 2
-339214 2
-339215 2
-339216 2
-339220 2
-339221 2
-339222 2
-339238 2
-339239 2
-339240 2
-339241 2
-339242 2
-339243 2
-340003 2
-340004 2
-340005 2
-340006 2
-340007 2
-340008 2
-341227 2
-341228 2
-341229 2
-341245 2
-341246 2
-341247 2
-341254 2
-341255 2
-341256 2
-341257 2
-341258 2
-341259 2
-341263 2
-341266 2
-341267 2
-341268 2
-341641 2
-341642 2
-341643 2
-341644 2
-341645 2
-341646 2
-341650 2
-341651 2
-341652 2
-341653 2
-341654 2
-341655 2
-341659 2
-341662 2
-341663 2
-341664 2
-341668 2
-341669 2
-341670 2
-341671 2
-341672 2
-341673 2
-341686 2
-341687 2
-341688 2
-341689 2
-341690 2
-341691 2
-341695 2
-341698 2
-341699 2
-341700 2
-341704 2
-341707 2
-341708 2
-341709 2
-342460 2
-342463 2
-342464 2
-342465 2
-342469 2
-342470 2
-342471 2
-342472 2
-342473 2
-342474 2
-342496 2
-342497 2
-342498 2
-342499 2
-342500 2
-342501 2
-342874 2
-342877 2
-342878 2
-342879 2
-342892 2
-342895 2
-342896 2
-342897 2
-342919 2
-342920 2
-342921 2
-342922 2
-342923 2
-342924 2
-342937 2
-342940 2
-342941 2
-342942 2
-342946 2
-342947 2
-342948 2
-342949 2
-342950 2
-342951 2
-343693 2
-343694 2
-343695 2
-343696 2
-343697 2
-343698 2
-343711 2
-343712 2
-343713 2
-344170 2
-344171 2
-344172 2
-344179 2
-344180 2
-344181 2
-344182 2
-344183 2
-344184 2
-345340 2
-345343 2
-345344 2
-345345 2
-345358 2
-345359 2
-345360 2
-345361 2
-345362 2
-345363 2
-345367 2
-345368 2
-345369 2
-345370 2
-345371 2
-345372 2
-345385 2
-345386 2
-345387 2
-345388 2
-345389 2
-345390 2
-345403 2
-345404 2
-345405 2
-345406 2
-345407 2
-345408 2
-346159 2
-346160 2
-346161 2
-346162 2
-346163 2
-346164 2
-346168 2
-346171 2
-346172 2
-346173 2
-346645 2
-346646 2
-346647 2
-346648 2
-346649 2
-346650 2
-347392 2
-347393 2
-347394 2
-347395 2
-347396 2
-347397 2
-347815 2
-347818 2
-347819 2
-347820 2
-347887 2
-347890 2
-347891 2
-347892 2
-349093 2
-349094 2
-349095 2
-350308 2
-350309 2
-350310 2
-350317 2
-350318 2
-350319 2
-350335 2
-350336 2
-350337 2
-350338 2
-350339 2
-350340 2
-351541 2
-351544 2
-351545 2
-351546 2
-351559 2
-351560 2
-351561 2
-352801 2
-352802 2
-352803 2
-352804 2
-352805 2
-352806 2
-352810 2
-352811 2
-352812 2
-352813 2
-352814 2
-352815 2
-352819 2
-352822 2
-352823 2
-352824 2
-353980 2
-353983 2
-353984 2
-353985 2
-354025 2
-354026 2
-354027 2
-354028 2
-354029 2
-354030 2
-354790 2
-354791 2
-354792 2
-355042 2
-355045 2
-355046 2
-355047 2
-356446 2
-356447 2
-356448 2
-356449 2
-356450 2
-356451 2
-357256 2
-357257 2
-357258 2
-357679 2
-357682 2
-357683 2
-357684 2
-357724 2
-357725 2
-357726 2
-357727 2
-357728 2
-357729 2
-358966 2
-358967 2
-358968 2
-358969 2
-358970 2
-358971 2
-358975 2
-358978 2
-358979 2
-358980 2
-359722 2
-359723 2
-359724 2
-359725 2
-359726 2
-359727 2
-359740 2
-359741 2
-359742 2
-360172 2
-360173 2
-360174 2
-360181 2
-360182 2
-360183 2
-360184 2
-360185 2
-360186 2
-360190 2
-360191 2
-360192 2
-360199 2
-360200 2
-360201 2
-360202 2
-360203 2
-360204 2
-360955 2
-360956 2
-360957 2
-360958 2
-360959 2
-360960 2
-361369 2
-361370 2
-361371 2
-361423 2
-361424 2
-361425 2
-361426 2
-361427 2
-361428 2
-361432 2
-361433 2
-361434 2
-361435 2
-361436 2
-361437 2
-361441 2
-361444 2
-361445 2
-361446 2
-361450 2
-361453 2
-361454 2
-361455 2
-362602 2
-362603 2
-362604 2
-362605 2
-362606 2
-362607 2
-363448 2
-363451 2
-363452 2
-363453 2
-363457 2
-363458 2
-363459 2
-363460 2
-363461 2
-363462 2
-363835 2
-363836 2
-363837 2
-363838 2
-363839 2
-363840 2
-364681 2
-364684 2
-364685 2
-364686 2
-364690 2
-364691 2
-364692 2
-364693 2
-364694 2
-364695 2
-365104 2
-365105 2
-365106 2
-365140 2
-365143 2
-365144 2
-365145 2
-365887 2
-365888 2
-365889 2
-367013 2
-367014 2
-367015 2
-367016 2
-367017 2
-367415 2
-367416 2
-367417 2
-367418 2
-367419 2
-367420 2
-367424 2
-367427 2
-367428 2
-367429 2
-367433 2
-367435 2
-367437 2
-367438 2
-367442 2
-367443 2
-367444 2
-367445 2
-367446 2
-367447 2
-368288 2
-368290 2
-368292 2
-368293 2
-368566 2
-368567 2
-368581 2
-368582 2
-369107 2
-369108 2
-369249 2
-369250 2
-369606 2
-369607 2
-369776 2
-369777 2
-369902 2
-369903 2
-370077 2
-370078 2
-370122 2
-370123 2
-370172 2
-370173 2
-370197 2
-370198 2
-370277 2
-370278 2
-370673 2
-370674 2
-371975 2
-371976 2
-371977 2
-372028 2
-372029 2
-372030 2
-372790 2
-372791 2
-373903 2
-373904 2
-374129 2
-374130 2
-374274 2
-374275 2
-374534 2
-374707 2
-374708 2
-374709 2
-374713 2
-374714 2
-374715 2
-374719 2
-374720 2
-374721 2
-374759 2
-374760 2
-374761 2
-374765 2
-374766 2
-374767 2
-375173 2
-375174 2
-375470 2
-375471 2
-375480 2
-375481 2
-375485 2
-375486 2
-375545 2
-375546 2
-375550 2
-375551 2
-375552 2
-375959 2
-375960 2
-376009 2
-376010 2
-376134 2
-376135 2
-376154 2
-376155 2
-376369 2
-376370 2
-376371 2
-376372 2
-376518 2
-376519 2
-376654 2
-376655 2
-377563 2
-377564 2
-377793 2
-377794 2
-377798 2
-377799 2
-377838 2
-377839 2
-378048 2
-378049 2
-378308 2
-378309 2
-378484 2
-378485 2
-378489 2
-378490 2
-379576 2
-379577 2
-381606 2
-381607 2
-382086 2
-382087 2
-382116 2
-382117 2
-382121 2
-382122 2
-382361 2
-382362 2
-382566 2
-382567 2
-382571 2
-382572 2
-382776 2
-382777 2
-382876 2
-382877 2
-383046 2
-383047 2
-383096 2
-383097 2
-384181 2
-384182 2
-384186 2
-384187 2
-384191 2
-384192 2
-384651 2
-384652 2
-384681 2
-384682 2
-385206 2
-385207 2
-385211 2
-385212 2
-385516 2
-385517 2
-385676 2
-385677 2
-385696 2
-385697 2
-385996 2
-385997 2
-386006 2
-386007 2
-387904 2
-387905 2
-387949 2
-387950 2
-388009 2
-388010 2
-388344 2
-388345 2
-388349 2
-388350 2
-388384 2
-388385 2
-389509 2
-389510 2
-389549 2
-389550 2
-389614 2
-389615 2
-389859 2
-389860 2
-390359 2
-390360 2
-390664 2
-390665 2
-390694 2
-390695 2
-390699 2
-390700 2
-390764 2
-390765 2
-390974 2
-390975 2
-391009 2
-391010 2
-396209 2
-396210 2
-396211 2
-396212 2
-396216 2
-396217 2
-396218 2
-396219 2
-398295 2
-398296 2
-398297 2
-398331 2
-398332 2
-398333 2
-398334 2
-398340 2
-398341 2
-398342 2
-398343 2
-398344 2
-398345 2
-398349 2
-398350 2
-398351 2
-398352 2
-398353 2
-398354 2
-398376 2
-398379 2
-398380 2
-398381 2
-398385 2
-398386 2
-398387 2
-398388 2
-398389 2
-398390 2
-398394 2
-398395 2
-398396 2
-398397 2
-398398 2
-398399 2
-398421 2
-398424 2
-398425 2
-398426 2
-398430 2
-398431 2
-398432 2
-398433 2
-398448 2
-398449 2
-398450 2
-398451 2
-398452 2
-398453 2
-398556 2
-398557 2
-398558 2
-398559 2
-398560 2
-398561 2
-399150 2
-399151 2
-399152 2
-399153 2
-399154 2
-399155 2
-399573 2
-399574 2
-399575 2
-399576 2
-399577 2
-399578 2
-399582 2
-399583 2
-399584 2
-399585 2
-399586 2
-399587 2
-399591 2
-399592 2
-399593 2
-399594 2
-399618 2
-399619 2
-399620 2
-399621 2
-399771 2
-399772 2
-399773 2
-399780 2
-399781 2
-399782 2
-399783 2
-399784 2
-399785 2
-399789 2
-399790 2
-399791 2
-399792 2
-399793 2
-399794 2
-399798 2
-399799 2
-399800 2
-399807 2
-399808 2
-399809 2
-399810 2
-399811 2
-399812 2
-399816 2
-399817 2
-399818 2
-399819 2
-399820 2
-399821 2
-399825 2
-399826 2
-399827 2
-399834 2
-399837 2
-399838 2
-399839 2
-399843 2
-399844 2
-399845 2
-399846 2
-399847 2
-399848 2
-400248 2
-400249 2
-400250 2
-400251 2
-400252 2
-400253 2
-400923 2
-400924 2
-400925 2
-400926 2
-400927 2
-400928 2
-400950 2
-400951 2
-400952 2
-400959 2
-400962 2
-400963 2
-400964 2
-400977 2
-400978 2
-400979 2
-400980 2
-400981 2
-400982 2
-401004 2
-401005 2
-401006 2
-401022 2
-401025 2
-401026 2
-401027 2
-401049 2
-401050 2
-401051 2
-401052 2
-401053 2
-401054 2
-401364 2
-401365 2
-401366 2
-401373 2
-401374 2
-401375 2
-401391 2
-401392 2
-401393 2
-401394 2
-401985 2
-401986 2
-401987 2
-402030 2
-402031 2
-402032 2
-402033 2
-402039 2
-402040 2
-402041 2
-402042 2
-402048 2
-402049 2
-402050 2
-402051 2
-402057 2
-402058 2
-402059 2
-402060 2
-402066 2
-402067 2
-402068 2
-402069 2
-402070 2
-402071 2
-402156 2
-402157 2
-402158 2
-402174 2
-402175 2
-402176 2
-402177 2
-402183 2
-402184 2
-402185 2
-402186 2
-402187 2
-402188 2
-402246 2
-402247 2
-402248 2
-402249 2
-402250 2
-402251 2
-407709 2
-407711 2
-407745 2
-407747 2
-407748 2
-407749 2
-407750 2
-407799 2
-407800 2
-407801 2
-407802 2
-407803 2
-407804 2
-407817 2
-407820 2
-407821 2
-407822 2
-407844 2
-407846 2
-407847 2
-407848 2
-407849 2
-407862 2
-407863 2
-407864 2
-407865 2
-407866 2
-407867 2
-407880 2
-407882 2
-407883 2
-407884 2
-407885 2
-407907 2
-407908 2
-407909 2
-407910 2
-407911 2
-407912 2
-407916 2
-407918 2
-407919 2
-407920 2
-407921 2
-408492 2
-408495 2
-408496 2
-408497 2
-408519 2
-408520 2
-408521 2
-408522 2
-408523 2
-408524 2
-408528 2
-408531 2
-408532 2
-408533 2
-408537 2
-408540 2
-408541 2
-408542 2
-408546 2
-408549 2
-408550 2
-408551 2
-409239 2
-409241 2
-409242 2
-409243 2
-409244 2
-409248 2
-409250 2
-409257 2
-409259 2
-409311 2
-409313 2
-409314 2
-409315 2
-409316 2
-409734 2
-409736 2
-409743 2
-409745 2
-409746 2
-409747 2
-409748 2
-409752 2
-409754 2
-409755 2
-409756 2
-409757 2
-410571 2
-410573 2
-410625 2
-410627 2
-410634 2
-410636 2
-410637 2
-410638 2
-410639 2
-410643 2
-410645 2
-410646 2
-410647 2
-410648 2
-410661 2
-410664 2
-410665 2
-410666 2
-410670 2
-410672 2
-410673 2
-410674 2
-410675 2
-410679 2
-410681 2
-410922 2
-410925 2
-410926 2
-410927 2
-410958 2
-410961 2
-410962 2
-410963 2
-410985 2
-410987 2
-410994 2
-410996 2
-410997 2
-410998 2
-410999 2
-411786 2
-411788 2
-411789 2
-411790 2
-411791 2
-411948 2
-411950 2
-412011 2
-412013 2
-412014 2
-412015 2
-412016 2
-427189 2
-427193 2
-427194 2
-427216 2
-427220 2
-427221 2
-427234 2
-427238 2
-427239 2
-427297 2
-427301 2
-427302 2
-427306 2
-427310 2
-427311 2
-427333 2
-427337 2
-427338 2
-427346 2
-427414 2
-427418 2
-427419 2
-427427 2
-427428 2
-427567 2
-427571 2
-427572 2
-427576 2
-427580 2
-427581 2
-429475 2
-429476 2
-429820 2
-429821 2
-429985 2
-429986 2
-430106 2
-430107 2
-430362 2
-430363 2
-430537 2
-430538 2
-430547 2
-430548 2
-430592 2
-430602 2
-430603 2
-430612 2
-430613 2
-430647 2
-430677 2
-430678 2
-430717 2
-430718 2
-430792 2
-430827 2
-430828 2
-430832 2
-430833 2
-430978 2
-430979 2
-430983 2
-430984 2
-431003 2
-431013 2
-431014 2
-431023 2
-431024 2
-431043 2
-431044 2
-431098 2
-431099 2
-431190 2
-431191 2
-431262 2
-431263 2
-431267 2
-431317 2
-431318 2
-431378 2
-431379 2
-431388 2
-431389 2
-431403 2
-431413 2
-431414 2
-431463 2
-431464 2
-431483 2
-431484 2
-431503 2
-431504 2
-431533 2
-431543 2
-431544 2
-431553 2
-431554 2
-431583 2
-431584 2
-432304 2
-433408 2
-433409 2
-433497 2
-433498 2
-433502 2
-433503 2
-433582 2
-433583 2
-433743 2
-433744 2
-433845 2
-433854 2
-433855 2
-433904 2
-433905 2
-434563 2
-434564 2
-434579 2
-434599 2
-434600 2
-436049 2
-436050 2
-436982 2
-436983 2
-436992 2
-436993 2
-437052 2
-437053 2
-437466 2
-437467 2
-437659 2
-437660 2
-437702 2
-437703 2
-437961 2
-437962 2
-438041 2
-438042 2
-438292 2
-438293 2
-438462 2
-438463 2
-438512 2
-438513 2
-438563 2
-438564 2
-438593 2
-438594 2
-438598 2
-438599 2
-438850 2
-439084 2
-439085 2
-439094 2
-439095 2
-439099 2
-439100 2
-439124 2
-439125 2
-439329 2
-439330 2
-439334 2
-439335 2
-439474 2
-439475 2
-439489 2
-439490 2
-439610 2
-440307 2
-440308 2
-440328 2
-440373 2
-440374 2
-440448 2
-440449 2
-440488 2
-440489 2
-440528 2
-440529 2
-440543 2
-440544 2
-440548 2
-440549 2
-440673 2
-440674 2
-440709 2
-440710 2
-440711 2
-440774 2
-440775 2
-440776 2
-440777 2
-440918 2
-440919 2
-441003 2
-441004 2
-441258 2
-441259 2
-441263 2
-441264 2
-441268 2
-441269 2
-441273 2
-441278 2
-441279 2
-441298 2
-441299 2
-441303 2
-441304 2
-441328 2
-441329 2
-441353 2
-441354 2
-441358 2
-441359 2
-441383 2
-441403 2
-441404 2
-441413 2
-441414 2
-441418 2
-441419 2
-441423 2
-441424 2
-441443 2
-441464 2
-441479 2
-441480 2
-441499 2
-441559 2
-441560 2
-441574 2
-441575 2
-441579 2
-441580 2
-441669 2
-441670 2
-441689 2
-441690 2
-441694 2
-441695 2
-441699 2
-441700 2
-441704 2
-441705 2
-441709 2
-441710 2
-441729 2
-441730 2
-442389 2
-442390 2
-442399 2
-442400 2
-442579 2
-442580 2
-443154 2
-443155 2
-443159 2
-443160 2
-443994 2
-443995 2
-443999 2
-444000 2
-444004 2
-444005 2
-444029 2
-444030 2
-444564 2
-444565 2
-446429 2
-446430 2
-446579 2
-446580 2
-446979 2
-446980 2
-446984 2
-446985 2
-447244 2
-447245 2
-447259 2
-447260 2
-447284 2
-447285 2
-447304 2
-447305 2
-447309 2
-447310 2
-447314 2
-447315 2
-447344 2
-447345 2
-447354 2
-447355 2
-447359 2
-447369 2
-447370 2
-447404 2
-447405 2
-447429 2
-447734 2
-447735 2
-447874 2
-447875 2
-448129 2
-448130 2
-448464 2
-448465 2
-448884 2
-448885 2
-449269 2
-449270 2
