1 40
2 47
3 44
4 54
5 42
6 46
7 43
8 43
9 42
10 39
11 57
12 51
13 41
14 43
15 40
16 32
17 57
18 33
19 31
20 40
21 35
22 45
23 36
24 44
25 49
26 35
27 43
28 33
29 29
30 30
31 35
32 61
33 40
34 40
35 43
36 51
37 33
38 33
39 53
40 34
41 41
42 42
43 46
44 15
45 39
46 34
47 32
48 67
49 49
50 41
51 65
52 43
53 33
54 34
55 35
56 55
57 33
58 42
59 37
60 50
61 40
62 42
63 49
64 52
65 45
66 45
67 51
68 43
69 34
70 46
71 26
72 34
73 47
74 33
75 58
78 15
79 15
80 25
81 32
82 36
83 27
84 14
85 15
86 16
87 36
88 27
89 17
90 14
91 37
92 15
93 35
94 35
95 37
96 14
97 16
98 35
99 30
100 75
101 55
102 45
103 34
104 34
105 34
106 22
107 46
108 50
109 34
110 39
111 33
112 52
113 50
114 54
115 31
116 32
117 55
118 52
119 31
120 38
121 36
122 44
123 58
124 36
125 34
126 32
127 45
128 48
129 32
130 57
131 43
132 33
133 34
134 33
135 54
136 34
137 38
138 45
139 34
140 48
141 40
142 53
143 41
144 46
145 33
146 56
147 38
148 63
149 37
150 59
151 36
152 37
153 37
154 32
155 46
156 33
157 15
158 26
159 32
160 37
161 36
162 16
163 13
164 15
165 23
166 13
167 38
168 15
169 24
170 34
171 13
172 14
173 14
174 33
175 14
176 35
177 4
178 15
179 31
180 14
181 12
182 33
183 28
184 15
185 13
186 35
187 34
188 17
189 38
190 33
191 31
192 36
193 34
194 34
195 14
196 14
197 30
198 14
199 36
200 14
201 34
202 13
203 15
204 5
205 14
206 15
207 24
208 13
209 37
210 14
211 13
212 14
213 13
214 13
215 13
216 14
217 13
218 38
219 33
220 14
221 35
222 14
223 34
224 33
225 33
226 49
227 36
228 13
229 14
230 36
231 14
232 32
233 33
234 3
235 47
236 26
237 17
238 18
239 16
240 14
241 13
242 32
243 26
244 13
245 35
246 35
248 16
251 38
252 38
253 30
254 39
255 52
256 33
257 76
258 39
259 45
260 43
261 33
262 12
263 42
264 34
265 51
267 49
271 47
272 44
273 47
274 41
275 42
276 39
278 54
279 42
280 47
281 31
282 45
283 46
284 33
285 34
286 39
287 15
288 36
289 36
290 35
291 33
292 37
293 16
294 33
295 37
296 27
297 35
298 35
299 37
300 25
301 13
302 14
303 13
304 13
305 13
306 37
307 32
308 32
309 13
310 33
311 15
857 29
861 2
867 40
868 6
876 35
877 37
879 10
881 3
975 32
977 18
3496 14
3497 24
3500 42
3501 7
3554 34
3555 40
3556 29
3579 8
3592 6
3596 31
3622 14
3634 20
3693 12
3696 2
3700 9
3720 7
3722 19
3725 31
4027 7
4042 9
4048 18
4349 13
4364 20
4366 6
4373 6
4376 9
4378 6
4382 18
4387 6
4390 7
4393 46
4403 6
4427 6
4434 7
4435 7
4453 6
4457 7
4458 8
4460 7
4464 16
4467 17
5425 30
5449 33
5515 24
6132 24
6133 20
6135 7
6136 59
6137 7
6138 50
11088 48
15105 2
15118 43
15120 2
15121 2
15132 2
15133 24
15136 42
15194 21
15195 19
15197 19
15201 20
15207 10
15208 11
15211 44
15267 47
15270 37
15274 88
15275 26
15288 28
15295 28
15296 18
15298 44
15302 35
15674 8
15817 9
15959 8
16081 10
16082 19
16085 9
16223 7
16317 9
16318 9
16391 9
16946 20
17178 9
17299 17
17454 19
17455 18
17643 2
17661 3
17673 2
17703 5
17709 4
17714 30
17728 3
17761 59
17799 129
17800 43
18316 14
18359 80
19440 6
19478 51
19690 25
19743 24
19744 30
19769 35
19770 40
19773 20
19774 32
19884 64
20244 10
20245 18
20246 9
20249 16
20251 19
20252 18
20465 17
20573 9
20576 3
20743 22
20756 7
21012 14
21025 39
21026 9
21558 11
21565 19
21566 3
21567 15
21781 18
21783 28
21787 18
22073 6
22121 24
22147 7
22411 3
22515 35
22532 11
22537 21
22677 6
22900 20
22902 6
23257 23
23369 18
23405 39
23480 18
23488 19
23495 13
23564 7
23580 8
23582 2
23589 6
23662 41
28777 22
31097 2
41904 50
41923 11
41924 5
41925 3
42168 9
42309 13
43865 2
43934 10
44072 10
44074 14
44088 54
44090 20
44092 69
44098 51
44104 22
44112 17
44115 17
44134 20
44136 12
44140 11
44167 2
44168 9
44173 10
44175 11
44179 11
44190 10
44195 3
44207 10
44218 4
44229 10
44239 12
44241 2
44246 20
44250 11
44256 3
44260 10
44264 23
44272 23
44274 12
44276 6
44279 6
44281 5
44294 6
44795 33
44796 50
44798 20
45033 7
45234 3
45242 3
45588 8
45591 7
45846 11
45848 24
45859 7
45860 71
45989 24
45999 26
46090 43
46091 22
46146 17
46189 85
46197 12
46232 17
46311 22
46437 15
46449 27
46480 6
46492 19
46516 2
46524 12
46528 17
46556 14
46588 18
46589 2
46653 8
47900 7
47901 14
48063 8
48084 17
48096 7
49143 6
49147 9
49151 2
49152 13
49155 16
49156 18
50106 12
50597 9
50598 10
50603 3
50604 9
50609 3
50610 4
50612 11
50615 10
50616 9
50619 58
50620 9
50621 9
50622 3
50623 10
50627 104
50634 115
50635 12
50653 21
50657 13
50658 12
50996 2
51397 20
51792 11
51796 23
51797 2
51802 3
51804 4
51810 2
51815 12
51822 7
52623 20
53812 7
57987 16
58198 27
59183 10
59187 50
59200 2
59235 9
59367 36
59368 9
59369 9
59371 9
59372 9
59373 16
59374 9
59375 22
59376 8
59377 9
59378 17
59379 9
59380 9
59381 10
59382 10
59383 20
59384 11
59385 10
59386 8
59387 2
59388 9
59389 18
59390 10
59391 9
59392 9
59394 8
59395 23
59397 23
59398 12
59399 20
59401 12
59402 18
59403 10
59404 8
59405 17
59406 20
59408 9
59409 8
59410 8
59411 9
59412 10
59413 22
59414 8
59415 7
59416 9
59417 11
59418 2
59420 19
59421 20
59422 9
59423 2
59424 11
59425 9
59426 8
59427 8
59428 9
