skdXin2011.06.1.1
d04spc00nnz01 agfcells/d04spc00nnz01 736 2 2 2 0 0 0 70 436 0 38 70 436 YES YES
d04spc00nnz02 agfcells/d04spc00nnz02 737 2 2 2 0 0 0 140 436 0 38 140 436 YES YES
d04spc00nnz03 agfcells/d04spc00nnz03 738 2 2 2 0 0 0 210 436 0 38 210 436 YES YES
d04dcp00wnz04 agfcells/d04dcp00wnz04 323 2 6 6 0 0 0 280 436 0 21 280 436 YES YES
d04dcp00wnz08 agfcells/d04dcp00wnz08 324 2 14 14 0 0 -14 560 436 0 21 560 436 YES YES
d04qfd01ndz00 agfcells/d04qfd01ndz00 722 2 31 31 0 -43 0 953 798 -43 14 953 784 YES YES
d04bar00nnz64 agfcells/d04bar00nnz64 75 2 2 2 0 0 0 4480 436 0 38 4480 436 YES YES
d04bar00nnz32 agfcells/d04bar00nnz32 74 2 2 2 0 0 0 2240 436 0 38 2240 436 YES YES
d04bar01nnz16 agfcells/d04bar01nnz16 78 2 22 22 0 0 0 1120 436 0 14 1120 436 YES YES
d04bar01nnz08 agfcells/d04bar01nnz08 77 2 12 12 0 0 0 560 436 0 14 560 436 YES YES
d04bar01nnz04 agfcells/d04bar01nnz04 76 2 7 7 0 0 0 280 436 0 14 280 436 YES YES
d04qfd02nnz00 agfcells/d04qfd02nnz00 724 2 13 13 0 -43 0 1863 436 -43 14 1863 436 YES YES
d04dcp00wdz64 agfcells/d04dcp00wdz64 322 2 375 375 0 0 -14 4480 812 0 21 4480 777 YES YES
d04tih00wnz00 agfcells/d04tih00wnz00 740 2 8 8 0 -43 0 210 436 -43 21 210 436 YES YES
d04inn00ynuh5 agfcells/d04inn00ynuh5 434 2 39 39 0 0 -14 910 436 0 14 910 436 YES YES
d04inn00ynuf5 agfcells/d04inn00ynuf5 433 2 31 31 0 0 -14 630 436 0 14 630 436 YES YES
d04bfn00ynud5 agfcells/d04bfn00ynud5 152 2 27 27 0 -21 0 560 436 0 14 560 436 YES YES
d04bfn00nnud5 agfcells/d04bfn00nnud5 107 2 27 27 0 -21 0 560 436 0 14 560 436 YES YES
d04bfn00nn0f0 agfcells/d04bfn00nn0f0 116 2 29 29 0 0 0 630 436 0 14 630 436 YES YES
d04bfn00lduk0 agfcells/d04bfn00lduk0 80 2 85 85 0 0 -14 700 812 0 14 700 784 YES YES
d04bfn00nnue3 agfcells/d04bfn00nnue3 108 2 35 35 0 0 -14 700 436 0 14 700 436 YES YES
d04bfn00nd0i0 agfcells/d04bfn00nd0i0 103 2 46 46 0 -43 0 420 798 -43 14 420 784 YES YES
d04bfn11wn0a5 agfcells/d04bfn11wn0a5 164 2 17 17 0 0 0 350 436 0 14 350 436 YES YES
d04bfn00nn0c0 agfcells/d04bfn00nn0c0 112 2 18 18 0 -43 0 350 436 -43 14 350 436 YES YES
d04inn00nnuh5 agfcells/d04inn00nnuh5 397 2 39 39 0 0 -14 910 436 0 14 910 436 YES YES
d04orn02yd0d5 agfcells/d04orn02yd0d5 709 2 39 39 0 0 0 420 798 0 14 420 777 YES YES
d04ann02yn0c0 agfcells/d04ann02yn0c0 36 2 34 34 0 0 0 700 436 0 14 700 436 YES YES
d04nan03yn0f0 agfcells/d04nan03yn0f0 583 2 38 38 0 0 -14 1120 436 0 14 1120 436 YES YES
d04bfn00nn0d0 agfcells/d04bfn00nn0d0 114 2 23 23 0 -43 0 420 436 -43 14 420 436 YES YES
d04inn00ydui0 agfcells/d04inn00ydui0 418 2 34 34 0 0 0 350 798 0 14 350 784 YES YES
d04inn00ynue3 agfcells/d04inn00ynue3 432 2 24 24 0 0 -14 490 436 0 14 490 436 YES YES
d04inn00yn0b5 agfcells/d04inn00yn0b5 438 2 10 10 0 -21 0 280 436 0 21 280 436 YES YES
d04bfn00yn0a5 agfcells/d04bfn00yn0a5 154 2 14 14 0 0 0 323 436 0 14 323 436 YES YES
d04bfn00lnud5 agfcells/d04bfn00lnud5 92 2 27 27 0 -21 0 560 436 0 14 560 436 YES YES
d04bfn00yd0i0 agfcells/d04bfn00yd0i0 145 2 46 46 0 -43 0 420 798 -43 14 420 784 YES YES
d04inn00nnuf5 agfcells/d04inn00nnuf5 396 2 31 31 0 0 -14 630 436 0 14 630 436 YES YES
d04inn00yd0f7 agfcells/d04inn00yd0f7 425 2 17 17 0 0 0 280 798 0 21 280 777 YES YES
d04bfn00yduk0 agfcells/d04bfn00yduk0 135 2 85 85 0 0 -14 700 812 0 14 700 784 YES YES
d04bfn00nduk0 agfcells/d04bfn00nduk0 97 2 85 85 0 0 -14 700 812 0 14 700 784 YES YES
d04inn00yduo7 agfcells/d04inn00yduo7 419 2 48 48 0 0 -14 490 812 0 14 490 784 YES YES
d04bfn00ynue3 agfcells/d04bfn00ynue3 153 2 35 35 0 0 -14 700 436 0 14 700 436 YES YES
d04bfn00yduh0 agfcells/d04bfn00yduh0 134 2 54 54 0 -21 -35 490 833 0 14 490 784 YES YES
d04bfn00ynub5 agfcells/d04bfn00ynub5 150 2 14 14 0 -43 0 350 436 -43 14 350 436 YES YES
d04non02yd0g0 agfcells/d04non02yd0g0 672 2 51 51 0 0 -14 560 812 0 14 560 784 YES YES
d04nan02yn0f0 agfcells/d04nan02yn0f0 566 2 39 39 0 0 -14 840 436 0 14 840 436 YES YES
d04bfn00yduo0 agfcells/d04bfn00yduo0 136 2 93 93 0 0 -14 840 812 0 14 840 784 YES YES
d04bfn00yd0k0 agfcells/d04bfn00yd0k0 146 2 84 84 0 -43 -14 630 812 -43 14 630 784 YES YES
d04bfn00yn0e3 agfcells/d04bfn00yn0e3 162 2 31 31 0 -43 -14 630 436 -43 14 630 436 YES YES
d04bfn00yn0f0 agfcells/d04bfn00yn0f0 163 2 29 29 0 0 0 630 436 0 14 630 436 YES YES
d04bfn00wd0b3 agfcells/d04bfn00wd0b3 120 2 22 22 0 -21 0 253 798 0 21 253 777 YES YES
d04orn02yn0c0 agfcells/d04orn02yn0c0 715 2 27 27 0 0 0 700 436 0 14 700 436 YES YES
d04inn00ynui5 agfcells/d04inn00ynui5 435 2 58 58 0 0 -14 1190 436 0 14 1190 436 YES YES
d04inn00ynuc5 agfcells/d04inn00ynuc5 430 2 14 14 0 0 0 350 436 0 14 350 436 YES YES
d04inn00yd0q0 agfcells/d04inn00yd0q0 428 2 74 74 0 0 -14 630 812 0 14 630 784 YES YES
d04nan02yn0c0 agfcells/d04nan02yn0c0 563 2 22 22 0 0 0 420 436 0 21 420 436 YES YES
d04bfn00yn0b0 agfcells/d04bfn00yn0b0 155 2 17 17 0 0 0 350 436 0 14 350 436 YES YES
d04bfn00yd0c0 agfcells/d04bfn00yd0c0 141 2 21 21 0 -21 0 280 798 0 21 280 777 YES YES
d04bfn00ld0b0 agfcells/d04bfn00ld0b0 81 2 22 22 0 -21 0 253 798 0 21 253 777 YES YES
d04orn02yn0b0 agfcells/d04orn02yn0b0 713 2 25 25 0 0 0 463 436 0 14 463 436 YES YES
d04orn02yn0f0 agfcells/d04orn02yn0f0 717 2 44 44 0 0 -14 910 436 0 14 910 436 YES YES
d04bfn00yn0d0 agfcells/d04bfn00yn0d0 159 2 23 23 0 -43 0 420 436 -43 14 420 436 YES YES
d04bfn00ln0a5 agfcells/d04bfn00ln0a5 93 2 14 14 0 0 0 323 436 0 14 323 436 YES YES
d04bfn00yd0h0 agfcells/d04bfn00yd0h0 144 2 51 51 0 -43 -14 420 812 -43 14 420 777 YES YES
d04bfn00yn0e0 agfcells/d04bfn00yn0e0 161 2 27 27 0 0 -14 560 436 0 14 560 436 YES YES
d04bfn00yd0c7 agfcells/d04bfn00yd0c7 143 2 21 21 0 0 0 280 798 0 21 280 777 YES YES
d04bfn00ld0b4 agfcells/d04bfn00ld0b4 83 2 21 21 0 -21 0 280 798 0 21 280 777 YES YES
d04bfn00wnub4 agfcells/d04bfn00wnub4 126 2 21 21 0 -43 0 420 436 -43 14 420 436 YES YES
d04bfn00wn0b5 agfcells/d04bfn00wn0b5 131 2 14 14 0 -43 0 350 436 -43 14 350 436 YES YES
d04bfn13wn0c0 agfcells/d04bfn13wn0c0 175 2 43 43 0 0 0 1050 436 0 14 1050 436 YES YES
d04bfn11wn0b5 agfcells/d04bfn11wn0b5 166 2 22 22 0 0 0 420 436 0 14 420 436 YES YES
d04bfn12wn0b0 agfcells/d04bfn12wn0b0 169 2 37 37 0 0 0 700 436 0 14 700 436 YES YES
d04bfn11wn0b0 agfcells/d04bfn11wn0b0 165 2 22 22 0 0 0 420 436 0 14 420 436 YES YES
d04bfn12wn0b5 agfcells/d04bfn12wn0b5 170 2 34 34 0 0 0 770 436 0 14 770 436 YES YES
d04bfn00yd0a5 agfcells/d04bfn00yd0a5 137 2 22 22 0 -21 0 253 798 0 21 253 777 YES YES
d04bfn00nd0b3 agfcells/d04bfn00nd0b3 99 2 22 22 0 -21 0 253 798 0 21 253 777 YES YES
d04bfn13wn0b0 agfcells/d04bfn13wn0b0 173 2 43 43 0 0 0 980 436 0 14 980 436 YES YES
d04bfn11wn0c0 agfcells/d04bfn11wn0c0 167 2 22 22 0 0 0 420 436 0 14 420 436 YES YES
d04bfn13wn0a5 agfcells/d04bfn13wn0a5 172 2 43 43 0 0 0 980 436 0 14 980 436 YES YES
d04bfn00nn0a5 agfcells/d04bfn00nn0a5 109 2 14 14 0 0 0 323 436 0 14 323 436 YES YES
d04bfn00nnub4 agfcells/d04bfn00nnub4 104 2 21 21 0 -43 0 420 436 -43 14 420 436 YES YES
d04bfn12wn0c0 agfcells/d04bfn12wn0c0 171 2 36 36 0 0 0 770 436 0 14 770 436 YES YES
d04bfn00yd0b5 agfcells/d04bfn00yd0b5 140 2 21 21 0 -21 0 280 798 0 21 280 777 YES YES
d04bfn00yd0b4 agfcells/d04bfn00yd0b4 139 2 21 21 0 -21 0 280 798 0 21 280 777 YES YES
d04bfn00ld0b3 agfcells/d04bfn00ld0b3 82 2 22 22 0 -21 0 253 798 0 21 253 777 YES YES
d04bfn00nn0b0 agfcells/d04bfn00nn0b0 110 2 17 17 0 0 0 350 436 0 14 350 436 YES YES
d04bfn00wd0c5 agfcells/d04bfn00wd0c5 122 2 36 36 0 0 0 280 798 0 14 280 777 YES YES
d04bfn00wn0a5 agfcells/d04bfn00wn0a5 130 2 14 14 0 0 0 323 436 0 14 323 436 YES YES
d04bfn12wn0a5 agfcells/d04bfn12wn0a5 168 2 33 33 0 0 0 700 436 0 14 700 436 YES YES
d04bfn13wn0b5 agfcells/d04bfn13wn0b5 174 2 43 43 0 0 0 1050 436 0 14 1050 436 YES YES
d04bfn00yd0b0 agfcells/d04bfn00yd0b0 138 2 22 22 0 -21 0 253 798 0 21 253 777 YES YES
d04bfn00ynub3 agfcells/d04bfn00ynub3 148 2 21 21 0 -43 0 420 436 -43 14 420 436 YES YES
d04bfn00ld0c0 agfcells/d04bfn00ld0c0 84 2 21 21 0 -21 0 280 798 0 21 280 777 YES YES
d04bfn00lnuc0 agfcells/d04bfn00lnuc0 91 2 21 21 0 -43 0 420 436 -43 14 420 436 YES YES
d04bfn00nnub5 agfcells/d04bfn00nnub5 105 2 14 14 0 -43 0 350 436 -43 14 350 436 YES YES
d04bfn00nnuc0 agfcells/d04bfn00nnuc0 106 2 21 21 0 -43 0 420 436 -43 14 420 436 YES YES
d04bfn00nd0c5 agfcells/d04bfn00nd0c5 101 2 36 36 0 0 0 280 798 0 14 280 777 YES YES
d04bfn00nn0b5 agfcells/d04bfn00nn0b5 111 2 14 14 0 -43 0 350 436 -43 14 350 436 YES YES
d04inn00wn0a5 agfcells/d04inn00wn0a5 411 2 11 11 0 -43 0 231 436 -43 21 210 436 YES YES
d04bfn00nn0e0 agfcells/d04bfn00nn0e0 115 2 27 27 0 0 -14 560 436 0 14 560 436 YES YES
d04inn00yn0a5 agfcells/d04inn00yn0a5 436 2 11 11 0 -43 0 231 436 -43 21 210 436 YES YES
d04inn00yduq0 agfcells/d04inn00yduq0 420 2 66 66 0 0 -14 630 812 0 14 630 784 YES YES
d04inn00yn0b3 agfcells/d04inn00yn0b3 437 2 10 10 0 -21 0 280 436 0 21 280 436 YES YES
d04inn00ynud0 agfcells/d04inn00ynud0 431 2 17 17 0 0 0 420 436 0 14 420 436 YES YES
d04xnb02yn0d0 agfcells/d04xnb02yn0d0 762 2 63 63 0 0 -35 1050 436 0 14 1050 436 YES YES
d04nan02yn0b6 agfcells/d04nan02yn0b6 562 2 22 22 0 0 0 420 436 0 21 420 436 YES YES
d04nan02yn0b5 agfcells/d04nan02yn0b5 561 2 22 22 0 0 0 420 436 0 21 420 436 YES YES
d04bfn00wnud5 agfcells/d04bfn00wnud5 128 2 27 27 0 -21 0 560 436 0 14 560 436 YES YES
d04xob02wn0a5 agfcells/d04xob02wn0a5 799 2 48 48 0 -43 0 770 436 -43 14 770 436 YES YES
d04orn02wn0a5 agfcells/d04orn02wn0a5 704 2 25 25 0 0 0 463 436 0 14 463 436 YES YES
d04xob02yn0b4 agfcells/d04xob02yn0b4 806 2 50 50 0 -43 0 840 436 -43 14 840 436 YES YES
d04gbf00nd0i5 agfcells/d04gbf00nd0i5 362 2 105 105 0 0 -14 910 812 0 14 910 784 YES YES
d04gbf00nd0j0 agfcells/d04gbf00nd0j0 363 2 110 110 0 0 -14 980 812 0 14 980 784 YES YES
d04gbf00nd0e0 agfcells/d04gbf00nd0e0 353 2 48 48 0 0 0 560 798 0 14 560 784 YES YES
d04gbf00nd0c0 agfcells/d04gbf00nd0c0 349 2 41 41 0 0 -14 420 798 0 14 420 777 YES YES
d04inn00nn0a5 agfcells/d04inn00nn0a5 398 2 11 11 0 -43 0 231 436 -43 21 210 436 YES YES
d04inn00ln0a5 agfcells/d04inn00ln0a5 382 2 11 11 0 -43 0 231 436 -43 21 210 436 YES YES
d04inn00ln0b5 agfcells/d04inn00ln0b5 384 2 10 10 0 -21 0 280 436 0 21 280 436 YES YES
d04inn00wnuc5 agfcells/d04inn00wnuc5 408 2 14 14 0 0 0 350 436 0 14 350 436 YES YES
d04xob03yn0a5 agfcells/d04xob03yn0a5 824 2 71 71 0 0 0 1820 436 0 14 1820 436 YES YES
d04bfn00wd0b5 agfcells/d04bfn00wd0b5 121 2 21 21 0 -21 0 280 798 0 21 280 777 YES YES
d04xnb03yn0d0 agfcells/d04xnb03yn0d0 770 2 104 104 0 0 -35 2450 436 0 14 2450 436 YES YES
d04inn00yn0c5 agfcells/d04inn00yn0c5 439 2 16 16 0 0 0 350 436 0 14 350 436 YES YES
d04nan02ln0b5 agfcells/d04nan02ln0b5 521 2 22 22 0 0 0 420 436 0 21 420 436 YES YES
d04aon03yn0a5 agfcells/d04aon03yn0a5 65 2 31 31 0 0 0 630 436 0 14 630 436 YES YES
d04inn00nn0b5 agfcells/d04inn00nn0b5 399 2 10 10 0 -21 0 280 436 0 21 280 436 YES YES
d04xob03yn0b0 agfcells/d04xob03yn0b0 825 2 75 75 0 0 -14 1820 436 0 14 1820 436 YES YES
d04nan02yd0i0 agfcells/d04nan02yd0i0 560 2 71 71 0 0 0 700 798 0 14 700 784 YES YES
d04nab02yn0f0 agfcells/d04nab02yn0f0 506 2 35 35 0 0 -14 980 436 0 14 980 436 YES YES
d04gbf00nd0h5 agfcells/d04gbf00nd0h5 360 2 92 92 0 0 -14 840 812 0 14 840 784 YES YES
d04gbf00nd0b0 agfcells/d04gbf00nd0b0 347 2 35 35 0 -43 0 350 798 -43 14 350 777 YES YES
d04gbf30nd0b5 agfcells/d04gbf30nd0b5 374 2 42 42 0 -21 0 490 812 0 14 490 784 YES YES
d04gbf00nd0i0 agfcells/d04gbf00nd0i0 361 2 105 105 0 0 -14 910 812 0 14 910 784 YES YES
d04gbf10nd0d5 agfcells/d04gbf10nd0d5 368 2 57 57 0 0 -14 560 812 0 14 560 784 YES YES
d04gbf10nd0c0 agfcells/d04gbf10nd0c0 366 2 51 51 0 0 -14 490 812 0 14 490 784 YES YES
d04gbf00nd0d0 agfcells/d04gbf00nd0d0 351 2 44 44 0 0 -14 490 798 0 14 490 777 YES YES
d04gbf00nd0g5 agfcells/d04gbf00nd0g5 358 2 83 83 0 0 -14 770 812 0 14 770 784 YES YES
d04gbf00nd0j5 agfcells/d04gbf00nd0j5 364 2 124 124 0 0 -14 1050 812 0 14 1050 784 YES YES
d04gbf00nd0g0 agfcells/d04gbf00nd0g0 357 2 72 72 0 0 -14 700 812 0 14 700 784 YES YES
d04gbf00nd0d5 agfcells/d04gbf00nd0d5 352 2 36 36 0 0 0 490 798 0 14 490 777 YES YES
d04gbf00nd0f5 agfcells/d04gbf00nd0f5 356 2 69 69 0 0 -14 700 812 0 14 700 784 YES YES
d04gbf10nd0d0 agfcells/d04gbf10nd0d0 367 2 53 53 0 0 -14 490 812 0 14 490 784 YES YES
d04gbf00nd0f0 agfcells/d04gbf00nd0f0 355 2 69 69 0 0 -14 700 812 0 14 700 784 YES YES
d04gbf10nd0g0 agfcells/d04gbf10nd0g0 371 2 98 98 0 0 -14 910 812 0 14 910 784 YES YES
d04gbf30nd0e5 agfcells/d04gbf30nd0e5 375 2 86 86 0 0 -35 840 812 0 14 840 784 YES YES
d04bfn00ld0h0 agfcells/d04bfn00ld0h0 87 2 51 51 0 -43 -14 420 812 -43 14 420 777 YES YES
d04bfn00ld0c7 agfcells/d04bfn00ld0c7 86 2 21 21 0 0 0 280 798 0 21 280 777 YES YES
d04bfn00wduh0 agfcells/d04bfn00wduh0 117 2 54 54 0 -21 -35 490 833 0 14 490 784 YES YES
d04bfn00wd0c7 agfcells/d04bfn00wd0c7 123 2 21 21 0 0 0 280 798 0 21 280 777 YES YES
d04bfn00wduk0 agfcells/d04bfn00wduk0 118 2 85 85 0 0 -14 700 812 0 14 700 784 YES YES
d04bfn00ln0f0 agfcells/d04bfn00ln0f0 96 2 29 29 0 0 0 630 436 0 14 630 436 YES YES
d04bfn00wd0i0 agfcells/d04bfn00wd0i0 125 2 46 46 0 -43 0 420 798 -43 14 420 784 YES YES
d04bfn00wnue3 agfcells/d04bfn00wnue3 129 2 35 35 0 0 -14 700 436 0 14 700 436 YES YES
d04bfn00yn0c0 agfcells/d04bfn00yn0c0 157 2 18 18 0 -43 0 350 436 -43 14 350 436 YES YES
d04bfn00yd0c5 agfcells/d04bfn00yd0c5 142 2 36 36 0 0 0 280 798 0 14 280 777 YES YES
d04bfn00wn0c0 agfcells/d04bfn00wn0c0 132 2 18 18 0 -43 0 350 436 -43 14 350 436 YES YES
d04bfn00ld0i0 agfcells/d04bfn00ld0i0 88 2 46 46 0 -43 0 420 798 -43 14 420 784 YES YES
d04nab02yd0i0 agfcells/d04nab02yd0i0 501 2 74 74 0 0 0 840 812 0 14 840 784 YES YES
d04gbf00nd0e5 agfcells/d04gbf00nd0e5 354 2 64 64 0 0 -14 630 812 0 14 630 784 YES YES
d04bfn00wn0f0 agfcells/d04bfn00wn0f0 133 2 29 29 0 0 0 630 436 0 14 630 436 YES YES
d04bfn00yn0b5 agfcells/d04bfn00yn0b5 156 2 14 14 0 -43 0 350 436 -43 14 350 436 YES YES
d04xnb03yn0e0 agfcells/d04xnb03yn0e0 771 2 108 108 0 0 -35 2660 436 0 14 2660 436 YES YES
d04inn00yd0i0 agfcells/d04inn00yd0i0 426 2 36 36 0 0 0 350 798 0 14 350 784 YES YES
d04inn00wd0f7 agfcells/d04inn00wd0f7 406 2 17 17 0 0 0 280 798 0 21 280 777 YES YES
d04bfn00yn0c5 agfcells/d04bfn00yn0c5 158 2 22 22 0 -43 0 420 436 -43 14 420 436 YES YES
d04inn00ld0b5 agfcells/d04inn00ld0b5 378 2 14 14 0 -43 0 210 798 -43 21 210 777 YES YES
d04non02nn0b7 agfcells/d04non02nn0b7 649 2 20 20 0 0 0 420 436 0 21 420 436 YES YES
d04nab02yn0b0 agfcells/d04nab02yn0b0 502 2 24 24 0 0 0 463 436 0 14 463 436 YES YES
d04xnb02yn0b0 agfcells/d04xnb02yn0b0 756 2 49 49 0 -43 0 840 436 -43 14 840 436 YES YES
d04inn00nd0c5 agfcells/d04inn00nd0c5 390 2 21 21 0 -43 0 253 798 -43 21 253 777 YES YES
d04gbf00nd0c5 agfcells/d04gbf00nd0c5 350 2 44 44 0 0 -14 490 798 0 14 490 777 YES YES
d04bfn00nduo0 agfcells/d04bfn00nduo0 98 2 93 93 0 0 -14 840 812 0 14 840 784 YES YES
d04xob02yd0h0 agfcells/d04xob02yd0h0 802 2 104 104 0 0 -14 910 833 0 14 910 784 YES YES
d04nan02yn0d0 agfcells/d04nan02yn0d0 564 2 21 21 0 0 0 560 436 0 14 560 436 YES YES
d04inn00ynub3 agfcells/d04inn00ynub3 429 2 10 10 0 0 0 350 436 0 21 350 436 YES YES
d04nan02yd0h0 agfcells/d04nan02yd0h0 559 2 71 71 0 0 0 700 798 0 14 700 784 YES YES
d04nan02yd0f0 agfcells/d04nan02yd0f0 557 2 56 56 0 0 0 560 798 0 14 560 784 YES YES
d04gbf00nd0b5 agfcells/d04gbf00nd0b5 348 2 41 41 0 0 -14 420 798 0 14 420 777 YES YES
d04inn00wnue3 agfcells/d04inn00wnue3 410 2 24 24 0 0 -14 490 436 0 14 490 436 YES YES
d04xnb03yd0g3 agfcells/d04xnb03yd0g3 767 2 149 149 0 0 -14 1443 812 0 14 1443 784 YES YES
d04xnb02yn0b5 agfcells/d04xnb02yn0b5 759 2 49 49 0 -43 0 840 436 -43 14 840 436 YES YES
d04orn02yn0b5 agfcells/d04orn02yn0b5 714 2 24 24 0 0 0 420 436 0 14 420 436 YES YES
d04orn02yd0c5 agfcells/d04orn02yd0c5 708 2 39 39 0 0 0 350 798 0 14 350 777 YES YES
d04gbf00nd0h0 agfcells/d04gbf00nd0h0 359 2 88 88 0 0 -14 770 812 0 14 770 784 YES YES
d04xob02yn0b5 agfcells/d04xob02yn0b5 807 2 50 50 0 -43 0 840 436 -43 14 840 436 YES YES
d04nan02yn0d5 agfcells/d04nan02yn0d5 565 2 37 37 0 0 0 700 436 0 14 700 436 YES YES
d04bfn00yd0o0 agfcells/d04bfn00yd0o0 147 2 103 103 0 -43 -14 770 812 -43 14 770 784 YES YES
d04inn00nnud0 agfcells/d04inn00nnud0 394 2 17 17 0 0 0 420 436 0 14 420 436 YES YES
d04bfn00ld0k0 agfcells/d04bfn00ld0k0 89 2 84 84 0 -43 -14 630 812 -43 14 630 784 YES YES
d04gbf00nd0l0 agfcells/d04gbf00nd0l0 365 2 165 165 0 0 -14 1400 812 0 14 1400 784 YES YES
d04gbf20nd0l0 agfcells/d04gbf20nd0l0 373 2 209 209 0 0 -14 1820 812 0 14 1820 784 YES YES
d04bfn00yn0d5 agfcells/d04bfn00yn0d5 160 2 25 25 0 -21 0 560 436 0 14 560 436 YES YES
d04bfn00nn0c5 agfcells/d04bfn00nn0c5 113 2 22 22 0 -43 0 420 436 -43 14 420 436 YES YES
d04oan01yn0a5 agfcells/d04oan01yn0a5 695 2 33 33 0 0 0 560 436 0 14 560 436 YES YES
d04gbf10nd0h0 agfcells/d04gbf10nd0h0 372 2 110 110 0 0 -14 980 812 0 14 980 784 YES YES
d04inn00ld0f7 agfcells/d04inn00ld0f7 379 2 17 17 0 0 0 280 798 0 21 280 777 YES YES
d04inn00lnud0 agfcells/d04inn00lnud0 380 2 17 17 0 0 0 420 436 0 14 420 436 YES YES
d04bfn00ln0d0 agfcells/d04bfn00ln0d0 95 2 23 23 0 -43 0 420 436 -43 14 420 436 YES YES
d04bfn00wd0h0 agfcells/d04bfn00wd0h0 124 2 51 51 0 -43 -14 420 812 -43 14 420 777 YES YES
d04bfn00ld0o0 agfcells/d04bfn00ld0o0 90 2 103 103 0 -43 -14 770 812 -43 14 770 784 YES YES
d04bfn00ln0c0 agfcells/d04bfn00ln0c0 94 2 18 18 0 -43 0 350 436 -43 14 350 436 YES YES
d04nab02yd0f5 agfcells/d04nab02yd0f5 499 2 56 56 0 -43 0 560 812 -43 14 560 784 YES YES
d04nab02yn0c0 agfcells/d04nab02yn0c0 504 2 28 28 0 0 0 603 436 0 14 603 436 YES YES
d04bfn00nd0c7 agfcells/d04bfn00nd0c7 102 2 21 21 0 0 0 280 798 0 21 280 777 YES YES
d04bfn00ynuc0 agfcells/d04bfn00ynuc0 151 2 21 21 0 -43 0 420 436 -43 14 420 436 YES YES
d04inn00nd0f7 agfcells/d04inn00nd0f7 391 2 17 17 0 0 0 280 798 0 21 280 777 YES YES
d04bfn00wd0a5 agfcells/d04bfn00wd0a5 119 2 22 22 0 -21 0 253 798 0 21 253 777 YES YES
d04inn00ln0d0 agfcells/d04inn00ln0d0 386 2 16 16 0 0 0 420 436 0 14 420 436 YES YES
d04inn00nnuc5 agfcells/d04inn00nnuc5 393 2 14 14 0 0 0 350 436 0 14 350 436 YES YES
d04xob03yd0c7 agfcells/d04xob03yd0c7 822 2 115 115 0 0 0 910 833 0 14 910 784 YES YES
d04inn00yd0o7 agfcells/d04inn00yd0o7 427 2 54 54 0 0 -14 490 812 0 14 490 784 YES YES
d04bar01nnz64 agfcells/d04bar01nnz64 79 2 82 82 0 0 0 4480 436 0 14 4480 436 YES YES
d04qna03nd0d0 agfcells/d04qna03nd0d0 728 2 201 201 0 -43 0 1933 798 -43 14 1933 784 YES YES
d04qna02nd0c7 agfcells/d04qna02nd0c7 727 2 146 146 0 -43 -14 1513 798 -43 14 1513 784 YES YES
d04qbf00nd0h0 agfcells/d04qbf00nd0h0 720 2 216 216 0 -43 0 1933 812 -43 14 1933 784 YES YES
d04qbf00nd0o0 agfcells/d04qbf00nd0o0 721 2 280 280 0 -43 0 2633 812 -43 14 2633 784 YES YES
d04qin00nd0i0 agfcells/d04qin00nd0i0 725 2 130 130 0 -43 -14 1233 812 -43 14 1233 784 YES YES
d04qno03nd0d0 agfcells/d04qno03nd0d0 730 2 190 190 0 -43 0 2003 798 -43 14 2003 784 YES YES
d04qno02nd0c7 agfcells/d04qno02nd0c7 729 2 150 150 0 -43 -14 1513 812 -43 14 1513 784 YES YES
d04qin00nd0q0 agfcells/d04qin00nd0q0 726 2 164 164 0 -43 -14 1513 812 -43 14 1513 784 YES YES
d04inn00yd0b3 agfcells/d04inn00yd0b3 421 2 14 14 0 -43 0 210 798 -43 21 210 777 YES YES
d04inn00yd0c7 agfcells/d04inn00yd0c7 424 2 19 19 0 -43 0 210 798 -43 21 210 777 YES YES
d04xob03yn0d0 agfcells/d04xob03yn0d0 828 2 103 103 0 -21 -35 2240 436 0 14 2240 436 YES YES
d04inn00yn0i5 agfcells/d04inn00yn0i5 443 2 46 46 0 0 -14 1190 436 0 14 1190 436 YES YES
d04gnc01lnz00 agfcells/d04gnc01lnz00 376 2 6 6 0 -43 0 210 436 -43 21 210 436 YES YES
d04qfd02ndz00 agfcells/d04qfd02ndz00 723 2 31 31 0 -43 0 1863 798 -43 14 1863 784 YES YES
d04tap02ldz05 agfcells/d04tap02ldz05 739 2 15 15 0 0 0 560 798 0 21 350 777 YES YES
fdk73d84_asic_halo_hvn agfcells/fdk73d84_asic_halo_hvn 838 2 43 43 0 -21 -20 420 818 -21 -20 289 818 YES YES
fdk73d84_asic_halo_hhb agfcells/fdk73d84_asic_halo_hhb 834 2 126 126 0 -140 -20 1820 812 -21 -20 1701 812 YES YES
fdk73d84_asic_halo_hib agfcells/fdk73d84_asic_halo_hib 836 2 126 126 0 -21 -20 1820 818 -21 -20 1701 818 YES YES
fdk73d84_asic_halo_hhc agfcells/fdk73d84_asic_halo_hhc 835 2 124 124 0 -140 -14 1820 818 -21 -14 1701 818 YES YES
fdk73d84_asic_halo_hic agfcells/fdk73d84_asic_halo_hic 837 2 125 125 0 -21 -20 1820 818 -21 -20 1701 818 YES YES
d04fyj03wd0b0 agfcells/d04fyj03wd0b0 339 2 131 131 0 0 0 1373 798 0 14 1373 784 YES YES
d04fyj03yd0b0 agfcells/d04fyj03yd0b0 341 2 131 131 0 0 0 1373 798 0 14 1373 784 YES YES
d04fyj03yd0c0 agfcells/d04fyj03yd0c0 342 2 142 142 0 0 0 1421 798 0 14 1400 784 YES YES
d04fyj03yd0g0 agfcells/d04fyj03yd0g0 343 2 172 172 0 0 0 1750 798 0 14 1750 784 YES YES
d04nan02nn0b5 agfcells/d04nan02nn0b5 533 2 22 22 0 0 0 420 436 0 21 420 436 YES YES
d04ann02yn0b5 agfcells/d04ann02yn0b5 34 2 24 24 0 -43 0 441 436 -43 14 420 436 YES YES
d04nan02nn0c0 agfcells/d04nan02nn0c0 535 2 22 22 0 0 0 420 436 0 21 420 436 YES YES
d04nan02ln0c0 agfcells/d04nan02ln0c0 523 2 22 22 0 0 0 420 436 0 21 420 436 YES YES
d04ann02nn0b5 agfcells/d04ann02nn0b5 14 2 24 24 0 -43 0 441 436 -43 14 420 436 YES YES
d04nan02nn0b6 agfcells/d04nan02nn0b6 534 2 22 22 0 0 0 420 436 0 21 420 436 YES YES
d04ann02nn0a5 agfcells/d04ann02nn0a5 10 2 28 28 0 -21 0 420 436 0 14 420 436 YES YES
d04fyj03nd0b0 agfcells/d04fyj03nd0b0 336 2 131 131 0 0 0 1373 798 0 14 1373 784 YES YES
d04xnk04yn0c0 agfcells/d04xnk04yn0c0 791 2 128 128 0 -43 -35 2423 436 -43 14 2423 436 YES YES
d04xnk04yn0a5 agfcells/d04xnk04yn0a5 788 2 119 119 0 -43 -35 2353 436 -43 14 2353 436 YES YES
d04nan02wn0b6 agfcells/d04nan02wn0b6 546 2 22 22 0 0 0 420 436 0 21 420 436 YES YES
d04nan02yd0b7 agfcells/d04nan02yd0b7 551 2 20 20 0 0 0 280 798 0 21 280 777 YES YES
d04xnk04yn0b5 agfcells/d04xnk04yn0b5 790 2 115 115 0 -43 -35 2353 436 -43 14 2353 436 YES YES
d04nan02yd0c0 agfcells/d04nan02yd0c0 552 2 22 22 0 0 0 280 798 0 21 280 777 YES YES
d04con01wn0c0 agfcells/d04con01wn0c0 288 2 26 26 0 0 -14 630 436 0 14 630 436 YES YES
d04non02wn0b3 agfcells/d04non02wn0b3 661 2 20 20 0 0 0 420 436 0 21 420 436 YES YES
d04non02ln0b7 agfcells/d04non02ln0b7 638 2 20 20 0 0 0 420 436 0 21 420 436 YES YES
d04non02wn0b7 agfcells/d04non02wn0b7 663 2 20 20 0 0 0 420 436 0 21 420 436 YES YES
d04cak01nn0b0 agfcells/d04cak01nn0b0 190 2 19 19 0 0 0 371 436 0 14 350 436 YES YES
d04ann02yn0b3 agfcells/d04ann02yn0b3 32 2 27 27 0 -21 0 420 436 0 14 420 436 YES YES
d04nan02wn0c0 agfcells/d04nan02wn0c0 547 2 22 22 0 0 0 420 436 0 21 420 436 YES YES
d04ann02nn0b4 agfcells/d04ann02nn0b4 13 2 24 24 0 -21 0 463 436 0 14 463 436 YES YES
d04xnk04yn0b0 agfcells/d04xnk04yn0b0 789 2 119 119 0 -43 -35 2353 436 -43 14 2353 436 YES YES
d04xnk04nn0b5 agfcells/d04xnk04nn0b5 781 2 115 115 0 -43 -35 2353 436 -43 14 2353 436 YES YES
d04xnb02nn0a5 agfcells/d04xnb02nn0a5 745 2 44 44 0 -43 0 813 436 -43 14 813 436 YES YES
d04nan02wn0b5 agfcells/d04nan02wn0b5 545 2 22 22 0 0 0 420 436 0 21 420 436 YES YES
d04xnk04nn0c0 agfcells/d04xnk04nn0c0 782 2 128 128 0 -43 -35 2423 436 -43 14 2423 436 YES YES
d04xnk04yn0e0 agfcells/d04xnk04yn0e0 793 2 163 163 0 0 -35 3290 436 0 14 3290 436 YES YES
d04xnk04nn0d0 agfcells/d04xnk04nn0d0 783 2 124 124 0 -43 -35 2843 436 -43 14 2843 436 YES YES
d04nan02wd0b7 agfcells/d04nan02wd0b7 540 2 20 20 0 0 0 280 798 0 21 280 777 YES YES
d04ann02yd0d3 agfcells/d04ann02yd0d3 26 2 39 39 0 0 0 350 798 0 21 350 784 YES YES
d04inn00wn0c5 agfcells/d04inn00wn0c5 414 2 16 16 0 0 0 350 436 0 14 350 436 YES YES
d04non02wn0b5 agfcells/d04non02wn0b5 662 2 20 20 0 0 0 420 436 0 21 420 436 YES YES
d04non02nn0b3 agfcells/d04non02nn0b3 647 2 20 20 0 0 0 420 436 0 21 420 436 YES YES
d04nob02nn0b0 agfcells/d04nob02nn0b0 612 2 20 20 0 0 0 420 436 0 14 420 436 YES YES
d04xnb02wn0a5 agfcells/d04xnb02wn0a5 750 2 44 44 0 -43 0 813 436 -43 14 813 436 YES YES
d04xnb02wn0d0 agfcells/d04xnb02wn0d0 752 2 63 63 0 0 -35 1050 436 0 14 1050 436 YES YES
d04nob02yn0b0 agfcells/d04nob02yn0b0 621 2 20 20 0 0 0 420 436 0 14 420 436 YES YES
d04non02yn0b5 agfcells/d04non02yn0b5 676 2 20 20 0 0 0 420 436 0 21 420 436 YES YES
d04cak01yn0b0 agfcells/d04cak01yn0b0 201 2 19 19 0 0 0 371 436 0 14 350 436 YES YES
d04xnk04ln0b5 agfcells/d04xnk04ln0b5 775 2 115 115 0 -43 -35 2353 436 -43 14 2353 436 YES YES
d04non02nn0b5 agfcells/d04non02nn0b5 648 2 20 20 0 0 0 420 436 0 21 420 436 YES YES
d04xnk04yn0f0 agfcells/d04xnk04yn0f0 794 2 185 185 0 0 -35 3710 436 0 14 3710 436 YES YES
d04nob02yn0c0 agfcells/d04nob02yn0c0 623 2 34 34 0 0 -14 673 436 0 14 673 436 YES YES
d04xnb02ln0a5 agfcells/d04xnb02ln0a5 741 2 44 44 0 -43 0 813 436 -43 14 813 436 YES YES
d04xok04nn0b5 agfcells/d04xok04nn0b5 831 2 130 130 0 0 -35 2380 436 0 14 2380 436 YES YES
d04xnk04ln0a5 agfcells/d04xnk04ln0a5 773 2 119 119 0 -43 -35 2353 436 -43 14 2353 436 YES YES
d04xnk04nn0b0 agfcells/d04xnk04nn0b0 780 2 119 119 0 -43 -35 2353 436 -43 14 2353 436 YES YES
d04mkn22yn0b5 agfcells/d04mkn22yn0b5 480 2 59 59 0 0 0 1163 436 0 14 1163 436 YES YES
d04ann02wn0a5 agfcells/d04ann02wn0a5 19 2 28 28 0 -21 0 420 436 0 14 420 436 YES YES
d04ann02yn0b6 agfcells/d04ann02yn0b6 35 2 25 25 0 -21 0 490 436 0 14 490 436 YES YES
d04xnk04yn0d0 agfcells/d04xnk04yn0d0 792 2 124 124 0 -43 -35 2843 436 -43 14 2843 436 YES YES
d04ann02ln0b5 agfcells/d04ann02ln0b5 4 2 24 24 0 -43 0 441 436 -43 14 420 436 YES YES
d04can03nn0a5 agfcells/d04can03nn0a5 220 2 23 23 0 0 0 420 436 0 14 420 436 YES YES
d04cak01wn0b0 agfcells/d04cak01wn0b0 195 2 19 19 0 0 0 371 436 0 14 350 436 YES YES
d04con03nn0b0 agfcells/d04con03nn0b0 308 2 24 24 0 -43 0 420 436 -43 14 420 436 YES YES
d04con03nn0d0 agfcells/d04con03nn0d0 310 2 33 33 0 0 0 980 436 0 21 980 436 YES YES
d04non02yn0b7 agfcells/d04non02yn0b7 677 2 20 20 0 0 0 420 436 0 21 420 436 YES YES
d04non02yn0e0 agfcells/d04non02yn0e0 682 2 31 31 0 0 -14 700 436 0 14 700 436 YES YES
d04mkn22nn0a5 agfcells/d04mkn22nn0a5 469 2 34 34 0 0 0 953 436 0 14 953 436 YES YES
d04kok01yn0f0 agfcells/d04kok01yn0f0 452 2 58 58 0 0 -35 1610 436 0 14 1610 436 YES YES
d04nan02yd0c7 agfcells/d04nan02yd0c7 554 2 22 22 0 0 0 280 798 0 21 280 777 YES YES
d04xnb02yn0f0 agfcells/d04xnb02yn0f0 764 2 72 72 0 0 -35 1400 436 0 14 1400 436 YES YES
d04xnk04nn0e0 agfcells/d04xnk04nn0e0 784 2 163 163 0 0 -35 3290 436 0 14 3290 436 YES YES
d04cak01yd0f5 agfcells/d04cak01yd0f5 199 2 49 49 0 0 0 630 798 0 14 630 784 YES YES
d04xnb02yn0a5 agfcells/d04xnb02yn0a5 755 2 44 44 0 -43 0 813 436 -43 14 813 436 YES YES
d04con02yn0b0 agfcells/d04con02yn0b0 301 2 27 27 0 0 0 581 436 0 14 560 436 YES YES
d04con02nn0b0 agfcells/d04con02nn0b0 297 2 27 27 0 0 0 581 436 0 14 560 436 YES YES
d04con01ln0c0 agfcells/d04con01ln0c0 280 2 26 26 0 0 -14 630 436 0 14 630 436 YES YES
d04con01yn0c0 agfcells/d04con01yn0c0 294 2 26 26 0 0 -14 630 436 0 14 630 436 YES YES
d04con01yn0f0 agfcells/d04con01yn0f0 296 2 49 49 0 0 -14 1120 436 0 14 1120 436 YES YES
d04con03yn0b0 agfcells/d04con03yn0b0 315 2 24 24 0 -43 0 420 436 -43 14 420 436 YES YES
d04con02yn0c0 agfcells/d04con02yn0c0 302 2 30 30 0 0 -14 840 436 0 14 840 436 YES YES
d04con01yd0c7 agfcells/d04con01yd0c7 292 2 34 34 0 0 0 393 798 0 14 393 784 YES YES
d04xnk04yd0e5 agfcells/d04xnk04yd0e5 786 2 170 170 0 -43 -14 1540 812 -43 14 1540 784 YES YES
d04ann02yn0a5 agfcells/d04ann02yn0a5 30 2 28 28 0 -21 0 420 436 0 14 420 436 YES YES
d04nob02nn0b5 agfcells/d04nob02nn0b5 613 2 26 26 0 0 0 560 436 0 14 560 436 YES YES
d04non02yn0d5 agfcells/d04non02yn0d5 681 2 30 30 0 0 0 700 436 0 14 700 436 YES YES
d04nab02yd0g0 agfcells/d04nab02yd0g0 500 2 60 60 0 -43 0 630 812 -43 14 630 784 YES YES
d04can03yn0a5 agfcells/d04can03yn0a5 238 2 23 23 0 0 0 420 436 0 14 420 436 YES YES
d04con02yd0c0 agfcells/d04con02yd0c0 300 2 44 44 0 0 0 560 798 0 14 560 784 YES YES
d04con02nn0c0 agfcells/d04con02nn0c0 298 2 30 30 0 0 -14 840 436 0 14 840 436 YES YES
d04cob11nn0b0 agfcells/d04cob11nn0b0 261 2 29 29 0 0 0 560 436 0 14 560 436 YES YES
d04cob11yn0b0 agfcells/d04cob11yn0b0 265 2 29 29 0 0 0 560 436 0 14 560 436 YES YES
d04mkn22yn0a5 agfcells/d04mkn22yn0a5 478 2 34 34 0 0 0 953 436 0 14 953 436 YES YES
d04fyj03wd0c0 agfcells/d04fyj03wd0c0 340 2 142 142 0 0 0 1421 798 0 14 1400 784 YES YES
d04ann02yd0c5 agfcells/d04ann02yd0c5 25 2 41 41 0 0 0 350 798 0 14 350 784 YES YES
d04con03yn0d0 agfcells/d04con03yn0d0 317 2 33 33 0 0 0 980 436 0 21 980 436 YES YES
d04con01nn0c0 agfcells/d04con01nn0c0 284 2 26 26 0 0 -14 630 436 0 14 630 436 YES YES
d04xnk04yd0f5 agfcells/d04xnk04yd0f5 787 2 223 223 0 0 -14 1890 812 0 14 1890 784 YES YES
d04can03yn0b0 agfcells/d04can03yn0b0 239 2 27 27 0 0 0 560 436 0 21 560 436 YES YES
d04con02nn0d0 agfcells/d04con02nn0d0 299 2 30 30 0 0 -14 840 436 0 14 840 436 YES YES
d04xob03nd0c7 agfcells/d04xob03nd0c7 817 2 115 115 0 0 0 910 833 0 14 910 784 YES YES
d04non02yn0c5 agfcells/d04non02yn0c5 679 2 28 28 0 0 0 560 436 0 14 560 436 YES YES
d04xnb02yn0c0 agfcells/d04xnb02yn0c0 761 2 49 49 0 -43 0 840 436 -43 14 840 436 YES YES
d04gbf10nd0f5 agfcells/d04gbf10nd0f5 370 2 85 85 0 0 -14 770 812 0 14 770 784 YES YES
d04fyj03ld0b0 agfcells/d04fyj03ld0b0 333 2 131 131 0 0 0 1373 798 0 14 1373 784 YES YES
d04ann02yn0e3 agfcells/d04ann02yn0e3 39 2 41 41 0 0 -14 883 436 0 14 883 436 YES YES
d04fyj03ld0c0 agfcells/d04fyj03ld0c0 334 2 142 142 0 0 0 1421 798 0 14 1400 784 YES YES
d04inn00nnue3 agfcells/d04inn00nnue3 395 2 24 24 0 0 -14 490 436 0 14 490 436 YES YES
d04con01nn0d0 agfcells/d04con01nn0d0 285 2 38 38 0 -43 -14 791 436 -43 14 770 436 YES YES
d04xnb02yn0b4 agfcells/d04xnb02yn0b4 758 2 49 49 0 -43 0 840 436 -43 14 840 436 YES YES
d04non02ln0b5 agfcells/d04non02ln0b5 637 2 20 20 0 0 0 420 436 0 21 420 436 YES YES
d04mkn22nn0b5 agfcells/d04mkn22nn0b5 471 2 59 59 0 0 0 1163 436 0 14 1163 436 YES YES
d04cak01yn0b5 agfcells/d04cak01yn0b5 202 2 22 22 0 0 0 630 436 0 14 630 436 YES YES
d04con01wd0b5 agfcells/d04con01wd0b5 286 2 38 38 0 -43 0 350 798 -43 14 350 784 YES YES
d04cob11nn0c0 agfcells/d04cob11nn0c0 262 2 35 35 0 0 0 700 436 0 14 700 436 YES YES
d04fyj03nd0c0 agfcells/d04fyj03nd0c0 337 2 142 142 0 0 0 1421 798 0 14 1400 784 YES YES
d04ann02yn0b4 agfcells/d04ann02yn0b4 33 2 24 24 0 -21 0 463 436 0 14 463 436 YES YES
d04inn00ldui0 agfcells/d04inn00ldui0 377 2 34 34 0 0 0 350 798 0 14 350 784 YES YES
d04nab02nn0b0 agfcells/d04nab02nn0b0 489 2 24 24 0 0 0 463 436 0 14 463 436 YES YES
d04con02yn0d0 agfcells/d04con02yn0d0 303 2 30 30 0 0 -14 840 436 0 14 840 436 YES YES
d04inn00yn0h5 agfcells/d04inn00yn0h5 442 2 36 36 0 0 -14 910 436 0 14 910 436 YES YES
d04orn02yn0a5 agfcells/d04orn02yn0a5 712 2 25 25 0 0 0 463 436 0 14 463 436 YES YES
d04cob13yn0c0 agfcells/d04cob13yn0c0 274 2 41 41 0 0 -14 1050 436 0 14 1050 436 YES YES
d04xob02yn0a5 agfcells/d04xob02yn0a5 803 2 48 48 0 -43 0 770 436 -43 14 770 436 YES YES
d04cob13yn0b0 agfcells/d04cob13yn0b0 273 2 27 27 0 0 0 630 436 0 14 630 436 YES YES
d04ann02ln0a5 agfcells/d04ann02ln0a5 1 2 28 28 0 -21 0 420 436 0 14 420 436 YES YES
d04xob03yn0g0 agfcells/d04xob03yn0g0 830 2 120 120 0 -21 -35 2660 436 0 14 2660 436 YES YES
d04nan02wd0c0 agfcells/d04nan02wd0c0 541 2 22 22 0 0 0 280 798 0 21 280 777 YES YES
d04ann02yd0b7 agfcells/d04ann02yd0b7 24 2 25 25 0 0 0 280 798 0 14 280 777 YES YES
d04non02yd0f7 agfcells/d04non02yd0f7 671 2 51 51 0 0 -14 560 812 0 14 560 784 YES YES
d04cob13nn0c0 agfcells/d04cob13nn0c0 270 2 41 41 0 0 -14 1050 436 0 14 1050 436 YES YES
d04xob03yn0e0 agfcells/d04xob03yn0e0 829 2 113 113 0 -21 -35 2520 436 0 14 2520 436 YES YES
d04xob03nn0d0 agfcells/d04xob03nn0d0 821 2 103 103 0 -21 -35 2240 436 0 14 2240 436 YES YES
d04ann02nd0d3 agfcells/d04ann02nd0d3 8 2 39 39 0 0 0 350 798 0 21 350 784 YES YES
d04mkn22ln0a5 agfcells/d04mkn22ln0a5 465 2 34 34 0 0 0 953 436 0 14 953 436 YES YES
d04inn00wn0b5 agfcells/d04inn00wn0b5 413 2 10 10 0 -21 0 280 436 0 21 280 436 YES YES
d04nan02yd0b6 agfcells/d04nan02yd0b6 550 2 20 20 0 0 0 280 798 0 21 280 777 YES YES
d04xnb02nn0b4 agfcells/d04xnb02nn0b4 747 2 49 49 0 -43 0 840 436 -43 14 840 436 YES YES
d04non02yd0c7 agfcells/d04non02yd0c7 667 2 22 22 0 0 0 280 798 0 21 280 777 YES YES
d04xob03nn0a5 agfcells/d04xob03nn0a5 818 2 71 71 0 0 0 1820 436 0 14 1820 436 YES YES
d04cab13yn0b0 agfcells/d04cab13yn0b0 180 2 31 31 0 -21 0 651 436 0 14 630 436 YES YES
d04nob02yn0b5 agfcells/d04nob02yn0b5 622 2 26 26 0 0 0 560 436 0 14 560 436 YES YES
d04orn02nn0b0 agfcells/d04orn02nn0b0 701 2 25 25 0 0 0 463 436 0 14 463 436 YES YES
d04nan04yd0b7 agfcells/d04nan04yd0b7 598 2 37 37 0 0 0 420 798 0 14 420 784 YES YES
d04aon01yn0a5 agfcells/d04aon01yn0a5 58 2 29 29 0 0 0 560 436 0 14 560 436 YES YES
d04nob02yn0f0 agfcells/d04nob02yn0f0 625 2 41 41 0 0 -14 1001 436 0 14 980 436 YES YES
d04inn00wdui0 agfcells/d04inn00wdui0 402 2 34 34 0 0 0 350 798 0 14 350 784 YES YES
d04xnb02yn0b3 agfcells/d04xnb02yn0b3 757 2 49 49 0 -43 0 840 436 -43 14 840 436 YES YES
d04kok01yn0d0 agfcells/d04kok01yn0d0 451 2 42 42 0 0 -14 1050 436 0 14 1050 436 YES YES
d04nab02nn0c0 agfcells/d04nab02nn0c0 490 2 28 28 0 0 0 603 436 0 14 603 436 YES YES
d04xob02yn0b3 agfcells/d04xob02yn0b3 805 2 51 51 0 -43 0 840 436 -43 14 840 436 YES YES
d04xob02nn0b5 agfcells/d04xob02nn0b5 798 2 50 50 0 -43 0 840 436 -43 14 840 436 YES YES
d04xnb02nn0d0 agfcells/d04xnb02nn0d0 749 2 63 63 0 0 -35 1050 436 0 14 1050 436 YES YES
d04xnb03yn0b5 agfcells/d04xnb03yn0b5 769 2 84 84 0 -43 -35 1960 436 -43 14 1960 436 YES YES
d04aon11yn0b0 agfcells/d04aon11yn0b0 73 2 25 25 0 -43 0 490 436 -43 14 490 436 YES YES
d04oan01nn0b0 agfcells/d04oan01nn0b0 692 2 33 33 0 0 0 560 436 0 14 560 436 YES YES
d04cab11nn0b0 agfcells/d04cab11nn0b0 176 2 23 23 0 0 0 560 436 0 14 560 436 YES YES
d04cak01ln0b0 agfcells/d04cak01ln0b0 184 2 19 19 0 0 0 371 436 0 14 350 436 YES YES
d04xob03yn0b5 agfcells/d04xob03yn0b5 826 2 89 89 0 0 -14 1890 436 0 14 1890 436 YES YES
d04nab02yn0b5 agfcells/d04nab02yn0b5 503 2 28 28 0 0 0 603 436 0 14 603 436 YES YES
d04xob02nn0a5 agfcells/d04xob02nn0a5 797 2 48 48 0 -43 0 770 436 -43 14 770 436 YES YES
d04xnb03yd0c7 agfcells/d04xnb03yd0c7 766 2 120 120 0 0 0 1303 812 0 14 1303 784 YES YES
d04xob02yn0f0 agfcells/d04xob02yn0f0 812 2 73 73 0 0 -35 1330 436 0 14 1330 436 YES YES
d04oan01yn0c0 agfcells/d04oan01yn0c0 698 2 30 30 0 -43 0 630 436 -43 14 630 436 YES YES
d04aon03yn0b0 agfcells/d04aon03yn0b0 66 2 33 33 0 0 0 700 436 0 14 700 436 YES YES
d04kak01nn0b0 agfcells/d04kak01nn0b0 444 2 21 21 0 0 0 560 436 0 21 560 436 YES YES
d04kak01yn0b0 agfcells/d04kak01yn0b0 446 2 21 21 0 0 0 560 436 0 21 560 436 YES YES
d04oan01wn0a5 agfcells/d04oan01wn0a5 693 2 33 33 0 0 0 560 436 0 14 560 436 YES YES
d04cak04yn0b0 agfcells/d04cak04yn0b0 210 2 22 22 0 0 0 420 436 0 14 420 436 YES YES
d04xob02yn0b0 agfcells/d04xob02yn0b0 804 2 47 47 0 -43 0 840 436 -43 14 840 436 YES YES
d04cob11yn0c0 agfcells/d04cob11yn0c0 266 2 35 35 0 0 0 700 436 0 14 700 436 YES YES
d04con03yn0c0 agfcells/d04con03yn0c0 316 2 32 32 0 0 -14 840 436 0 21 840 436 YES YES
d04con03nd0b5 agfcells/d04con03nd0b5 305 2 45 45 0 0 -14 420 798 0 21 420 784 YES YES
d04ann03yd0d3 agfcells/d04ann03yd0d3 43 2 50 50 0 0 0 420 798 0 21 420 784 YES YES
d04nab03yn0c0 agfcells/d04nab03yn0c0 509 2 33 33 0 0 -14 770 436 0 14 770 436 YES YES
d04aon01yn0d0 agfcells/d04aon01yn0d0 60 2 45 45 0 0 -14 910 436 0 14 910 436 YES YES
d04cgc01nd0h0 agfcells/d04cgc01nd0h0 258 2 157 157 0 0 -14 1470 812 0 14 1470 784 YES YES
d04cgc01nd0i0 agfcells/d04cgc01nd0i0 259 2 167 167 0 0 -14 1610 812 0 14 1610 784 YES YES
d04cgc01nd0c0 agfcells/d04cgc01nd0c0 253 2 96 96 0 0 -14 980 812 0 14 980 784 YES YES
d04cgc01nd0b0 agfcells/d04cgc01nd0b0 252 2 86 86 0 0 -14 910 798 0 14 910 784 YES YES
d04cgc01nd0g0 agfcells/d04cgc01nd0g0 257 2 127 127 0 0 -14 1190 812 0 14 1190 784 YES YES
d04cgc01nd0e0 agfcells/d04cgc01nd0e0 255 2 115 115 0 0 -14 1120 812 0 14 1120 784 YES YES
d04nob02wn0b0 agfcells/d04nob02wn0b0 616 2 20 20 0 0 0 420 436 0 14 420 436 YES YES
d04xob02ln0a5 agfcells/d04xob02ln0a5 795 2 48 48 0 -43 0 770 436 -43 14 770 436 YES YES
d04orn02yd0f7 agfcells/d04orn02yd0f7 710 2 42 42 0 0 0 420 798 0 14 420 777 YES YES
d04nan02wd0c3 agfcells/d04nan02wd0c3 542 2 22 22 0 0 0 280 798 0 21 280 777 YES YES
d04xnb02nn0b5 agfcells/d04xnb02nn0b5 748 2 49 49 0 -43 0 840 436 -43 14 840 436 YES YES
d04xob03yd0g5 agfcells/d04xob03yd0g5 823 2 151 151 0 0 -35 1400 833 0 14 1400 784 YES YES
d04nab02yd0d3 agfcells/d04nab02yd0d3 498 2 36 36 0 -43 0 350 798 -43 14 350 784 YES YES
d04nab02yn0d0 agfcells/d04nab02yn0d0 505 2 19 19 0 -21 0 630 436 0 14 630 436 YES YES
d04ann02yn0b0 agfcells/d04ann02yn0b0 31 2 27 27 0 -21 0 420 436 0 14 420 436 YES YES
d04nob02yn0d0 agfcells/d04nob02yn0d0 624 2 34 34 0 0 -14 700 436 0 14 700 436 YES YES
d04con01yn0d0 agfcells/d04con01yn0d0 295 2 38 38 0 -43 -14 791 436 -43 14 770 436 YES YES
d04cak01yn0f0 agfcells/d04cak01yn0f0 205 2 36 36 0 0 -14 1190 436 0 21 1190 436 YES YES
d04mkn22wd0c7 agfcells/d04mkn22wd0c7 473 2 88 88 0 0 -35 910 833 0 14 910 784 YES YES
d04non02yn0c0 agfcells/d04non02yn0c0 678 2 24 24 0 -21 0 441 436 0 14 420 436 YES YES
d04nob03yn0b0 agfcells/d04nob03yn0b0 627 2 32 32 0 -43 0 490 436 -43 14 490 436 YES YES
d04non02nd0f0 agfcells/d04non02nd0f0 643 2 36 36 0 0 0 420 798 0 14 420 784 YES YES
d04ann02wn0b5 agfcells/d04ann02wn0b5 21 2 24 24 0 -43 0 441 436 -43 14 420 436 YES YES
d04nan03ynuc0 agfcells/d04nan03ynuc0 578 2 25 25 0 0 0 630 436 0 14 630 436 YES YES
d04non02yd0f0 agfcells/d04non02yd0f0 669 2 36 36 0 0 0 420 798 0 14 420 784 YES YES
d04con04yn0d0 agfcells/d04con04yn0d0 319 2 40 40 0 0 -14 980 436 0 14 980 436 YES YES
d04non02yd0d0 agfcells/d04non02yd0d0 668 2 22 22 0 0 0 280 798 0 21 280 777 YES YES
d04aon03yn0d0 agfcells/d04aon03yn0d0 68 2 45 45 0 0 0 1190 436 0 14 1190 436 YES YES
d04orn04yn0c0 agfcells/d04orn04yn0c0 719 2 47 47 0 -43 -14 980 436 -43 14 980 436 YES YES
d04xob02yn0d0 agfcells/d04xob02yn0d0 810 2 63 63 0 0 -35 1050 436 0 14 1050 436 YES YES
d04nan03yn0d0 agfcells/d04nan03yn0d0 581 2 22 22 0 0 0 700 436 0 14 700 436 YES YES
d04nan02yd0c3 agfcells/d04nan02yd0c3 553 2 22 22 0 0 0 280 798 0 21 280 777 YES YES
d04orn02yd0c3 agfcells/d04orn02yd0c3 707 2 37 37 0 0 0 350 798 0 14 350 777 YES YES
d04ann04yd0d7 agfcells/d04ann04yd0d7 56 2 53 53 0 0 0 560 798 0 14 560 784 YES YES
d04ann03yn0a5 agfcells/d04ann03yn0a5 45 2 29 29 0 -21 0 560 436 0 14 560 436 YES YES
d04ann04nd0c5 agfcells/d04ann04nd0c5 52 2 50 50 0 0 0 490 798 0 14 490 777 YES YES
d04ann04yn0c0 agfcells/d04ann04yn0c0 57 2 40 40 0 0 -14 1050 436 0 14 1050 436 YES YES
d04xnb02yd0i0 agfcells/d04xnb02yd0i0 754 2 114 114 0 0 -14 1050 812 0 14 1050 784 YES YES
d04ann02yd0f7 agfcells/d04ann02yd0f7 27 2 61 61 0 0 -14 490 812 0 21 490 784 YES YES
d04nab02nd0f5 agfcells/d04nab02nd0f5 487 2 56 56 0 -43 0 560 812 -43 14 560 784 YES YES
d04nan03yd0d7 agfcells/d04nan03yd0d7 575 2 25 25 0 0 0 350 798 0 21 350 777 YES YES
d04nan03yn0c0 agfcells/d04nan03yn0c0 580 2 25 25 0 0 0 630 436 0 14 630 436 YES YES
d04nan03yn0b5 agfcells/d04nan03yn0b5 579 2 25 25 0 0 0 630 436 0 14 630 436 YES YES
d04nan03yd0b7 agfcells/d04nan03yd0b7 573 2 25 25 0 0 0 350 798 0 14 350 777 YES YES
d04nan04yn0b5 agfcells/d04nan04yn0b5 604 2 26 26 0 0 0 840 436 0 21 840 436 YES YES
d04con01nd0b5 agfcells/d04con01nd0b5 281 2 38 38 0 -43 0 350 798 -43 14 350 784 YES YES
d04cak01yd0c7 agfcells/d04cak01yd0c7 198 2 26 26 0 0 0 350 798 0 14 350 777 YES YES
d04non02nn0c0 agfcells/d04non02nn0c0 650 2 24 24 0 -21 0 441 436 0 14 420 436 YES YES
d04can03yn0b5 agfcells/d04can03yn0b5 242 2 36 36 0 0 0 840 436 0 21 840 436 YES YES
d04non02nn0d5 agfcells/d04non02nn0d5 653 2 30 30 0 0 0 700 436 0 14 700 436 YES YES
d04non02yn0b3 agfcells/d04non02yn0b3 675 2 20 20 0 0 0 420 436 0 21 420 436 YES YES
d04can16nn0b5 agfcells/d04can16nn0b5 251 2 37 37 0 0 0 1120 436 0 14 1120 436 YES YES
d04nan02ln0b6 agfcells/d04nan02ln0b6 522 2 22 22 0 0 0 420 436 0 21 420 436 YES YES
d04nan03yd0f5 agfcells/d04nan03yd0f5 577 2 54 54 0 -43 0 770 798 -43 21 770 777 YES YES
d04cab13nn0b0 agfcells/d04cab13nn0b0 179 2 31 31 0 -21 0 651 436 0 14 630 436 YES YES
d04nob02ln0b0 agfcells/d04nob02ln0b0 610 2 20 20 0 0 0 420 436 0 14 420 436 YES YES
d04nab02nd0g0 agfcells/d04nab02nd0g0 488 2 60 60 0 -43 0 630 812 -43 14 630 784 YES YES
d04xob02yn0e0 agfcells/d04xob02yn0e0 811 2 58 58 0 0 -35 1120 436 0 14 1120 436 YES YES
d04aon03wn0a5 agfcells/d04aon03wn0a5 63 2 31 31 0 0 0 630 436 0 14 630 436 YES YES
d04nob02yd0d3 agfcells/d04nob02yd0d3 617 2 36 36 0 0 0 350 798 0 21 350 784 YES YES
d04orn02nn0c0 agfcells/d04orn02nn0c0 702 2 27 27 0 0 0 700 436 0 14 700 436 YES YES
d04non02yd0i0 agfcells/d04non02yd0i0 674 2 62 62 0 0 -14 700 812 0 14 700 784 YES YES
d04non02yn0f0 agfcells/d04non02yn0f0 684 2 46 46 0 -21 -14 980 436 0 14 980 436 YES YES
d04ann03yn0b5 agfcells/d04ann03yn0b5 46 2 31 31 0 -21 0 630 436 0 14 630 436 YES YES
d04can03ln0a5 agfcells/d04can03ln0a5 214 2 23 23 0 0 0 420 436 0 14 420 436 YES YES
d04fyj03nd0g0 agfcells/d04fyj03nd0g0 338 2 172 172 0 0 0 1750 798 0 14 1750 784 YES YES
d04inn00wn0d0 agfcells/d04inn00wn0d0 415 2 16 16 0 0 0 420 436 0 14 420 436 YES YES
d04inn00wn0f5 agfcells/d04inn00wn0f5 416 2 29 29 0 0 -14 630 436 0 14 630 436 YES YES
d04bfn00wnub5 agfcells/d04bfn00wnub5 127 2 14 14 0 -43 0 350 436 -43 14 350 436 YES YES
d04bfn00ynub4 agfcells/d04bfn00ynub4 149 2 21 21 0 -43 0 420 436 -43 14 420 436 YES YES
d04nob02yd0i0 agfcells/d04nob02yd0i0 620 2 89 89 0 0 -14 910 812 0 14 910 784 YES YES
d04xnb02yn0g0 agfcells/d04xnb02yn0g0 765 2 82 82 0 -43 -14 1610 436 -43 14 1610 436 YES YES
d04non02nn0d0 agfcells/d04non02nn0d0 652 2 32 32 0 0 -14 560 436 0 14 560 436 YES YES
d04xnb02ln0b0 agfcells/d04xnb02ln0b0 742 2 49 49 0 -43 0 840 436 -43 14 840 436 YES YES
d04non02yd0c0 agfcells/d04non02yd0c0 665 2 22 22 0 0 0 280 798 0 21 280 777 YES YES
d04xok04yn0c0 agfcells/d04xok04yn0c0 832 2 123 123 0 0 -35 2590 436 0 14 2590 436 YES YES
d04nan02yd0b5 agfcells/d04nan02yd0b5 549 2 20 20 0 0 0 280 798 0 21 280 777 YES YES
d04nob03ln0b0 agfcells/d04nob03ln0b0 626 2 32 32 0 -43 0 490 436 -43 14 490 436 YES YES
d04non02yn0d0 agfcells/d04non02yn0d0 680 2 32 32 0 0 -14 560 436 0 14 560 436 YES YES
d04cak01nn0b5 agfcells/d04cak01nn0b5 191 2 22 22 0 0 0 630 436 0 14 630 436 YES YES
d04xnk04ln0c0 agfcells/d04xnk04ln0c0 776 2 128 128 0 -43 -35 2423 436 -43 14 2423 436 YES YES
d04non02yd0c5 agfcells/d04non02yd0c5 666 2 22 22 0 0 0 280 798 0 21 280 777 YES YES
d04non03nn0f0 agfcells/d04non03nn0f0 687 2 39 39 0 -43 -14 1190 436 -43 21 1190 436 YES YES
d04inn00ln0b3 agfcells/d04inn00ln0b3 383 2 10 10 0 -21 0 280 436 0 21 280 436 YES YES
d04mkn22nd0c7 agfcells/d04mkn22nd0c7 468 2 88 88 0 0 -35 910 833 0 14 910 784 YES YES
d04mbn22yn0d0 agfcells/d04mbn22yn0d0 462 2 64 64 0 0 0 1120 436 0 14 1120 436 YES YES
d04mkn22yn0d0 agfcells/d04mkn22yn0d0 482 2 83 83 0 0 -35 1610 436 0 14 1610 436 YES YES
d04cab11yn0b0 agfcells/d04cab11yn0b0 177 2 23 23 0 0 0 560 436 0 14 560 436 YES YES
d04cak02nn0b0 agfcells/d04cak02nn0b0 206 2 23 23 0 0 0 463 436 0 14 463 436 YES YES
d04can03nn0b5 agfcells/d04can03nn0b5 222 2 36 36 0 0 0 840 436 0 21 840 436 YES YES
d04nob02yd0f5 agfcells/d04nob02yd0f5 618 2 58 58 0 0 -14 630 812 0 14 630 784 YES YES
d04kok01yn0b0 agfcells/d04kok01yn0b0 450 2 22 22 0 -43 0 420 436 -43 14 420 436 YES YES
d04non02yd0h5 agfcells/d04non02yd0h5 673 2 62 62 0 0 -14 700 812 0 14 700 784 YES YES
d04nan02yd0g0 agfcells/d04nan02yd0g0 558 2 57 57 0 0 0 560 798 0 14 560 784 YES YES
d04nab02nn0d0 agfcells/d04nab02nn0d0 491 2 19 19 0 -21 0 630 436 0 14 630 436 YES YES
d04mkn22yd0c7 agfcells/d04mkn22yd0c7 476 2 88 88 0 0 -35 910 833 0 14 910 784 YES YES
d04inn00nn0c5 agfcells/d04inn00nn0c5 400 2 16 16 0 0 0 350 436 0 14 350 436 YES YES
d04nan02wd0b6 agfcells/d04nan02wd0b6 539 2 20 20 0 0 0 280 798 0 21 280 777 YES YES
d04nan02nn0d5 agfcells/d04nan02nn0d5 537 2 37 37 0 0 0 700 436 0 14 700 436 YES YES
d04ann02ln0b3 agfcells/d04ann02ln0b3 2 2 27 27 0 -21 0 420 436 0 14 420 436 YES YES
d04ann02ln0c0 agfcells/d04ann02ln0c0 6 2 34 34 0 0 0 700 436 0 14 700 436 YES YES
d04inn00yd0c5 agfcells/d04inn00yd0c5 423 2 21 21 0 -43 0 253 798 -43 21 253 777 YES YES
d04ann03yn0c0 agfcells/d04ann03yn0c0 47 2 36 36 0 0 -14 840 436 0 14 840 436 YES YES
d04nan02yd0d0 agfcells/d04nan02yd0d0 555 2 35 35 0 0 0 420 798 0 14 420 784 YES YES
d04ann02nn0c0 agfcells/d04ann02nn0c0 15 2 34 34 0 0 0 700 436 0 14 700 436 YES YES
d04nan02nd0c7 agfcells/d04nan02nd0c7 530 2 22 22 0 0 0 280 798 0 21 280 777 YES YES
d04con01nd0c7 agfcells/d04con01nd0c7 283 2 34 34 0 0 0 393 798 0 14 393 784 YES YES
d04con01nd0c5 agfcells/d04con01nd0c5 282 2 31 31 0 -43 0 393 798 -43 21 393 777 YES YES
d04ann02nn0b0 agfcells/d04ann02nn0b0 11 2 27 27 0 -21 0 420 436 0 14 420 436 YES YES
d04ann02ln0b6 agfcells/d04ann02ln0b6 5 2 25 25 0 -21 0 490 436 0 14 490 436 YES YES
d04ann02ln0b4 agfcells/d04ann02ln0b4 3 2 24 24 0 -21 0 463 436 0 14 463 436 YES YES
d04nan04yn0e5 agfcells/d04nan04yn0e5 608 2 36 36 0 0 -14 1400 436 0 14 1400 436 YES YES
d04nan03nn0b5 agfcells/d04nan03nn0b5 570 2 25 25 0 0 0 630 436 0 14 630 436 YES YES
d04con01yd0d7 agfcells/d04con01yd0d7 293 2 41 41 0 -43 0 420 798 -43 14 420 784 YES YES
d04nab02ln0b0 agfcells/d04nab02ln0b0 485 2 24 24 0 0 0 463 436 0 14 463 436 YES YES
d04xob03nn0b0 agfcells/d04xob03nn0b0 819 2 75 75 0 0 -14 1820 436 0 14 1820 436 YES YES
d04xob02yn0c0 agfcells/d04xob02yn0c0 809 2 51 51 0 -43 0 840 436 -43 14 840 436 YES YES
d04con01yd0c5 agfcells/d04con01yd0c5 291 2 31 31 0 -43 0 393 798 -43 21 393 777 YES YES
d04cak01nn0c0 agfcells/d04cak01nn0c0 192 2 26 26 0 0 -14 630 436 0 14 630 436 YES YES
d04non02nn0f5 agfcells/d04non02nn0f5 656 2 54 54 0 -21 -14 1141 436 0 14 1120 436 YES YES
d04cak01nd0c7 agfcells/d04cak01nd0c7 186 2 26 26 0 0 0 350 798 0 14 350 777 YES YES
d04aon01yn0b5 agfcells/d04aon01yn0b5 59 2 34 34 0 0 -14 630 436 0 14 630 436 YES YES
d04cab11yn0c0 agfcells/d04cab11yn0c0 178 2 34 34 0 0 0 791 436 0 14 770 436 YES YES
d04can16nn0b0 agfcells/d04can16nn0b0 250 2 31 31 0 0 0 721 436 0 14 700 436 YES YES
d04ltn80yd0a5 agfcells/d04ltn80yd0a5 455 2 47 47 0 0 -35 490 798 0 14 490 784 YES YES
d04nan03nd0e0 agfcells/d04nan03nd0e0 568 2 53 53 0 0 0 700 798 0 14 700 784 YES YES
d04nan03yd0e0 agfcells/d04nan03yd0e0 576 2 53 53 0 0 0 700 798 0 14 700 784 YES YES
d04con01yd0b5 agfcells/d04con01yd0b5 289 2 38 38 0 -43 0 350 798 -43 14 350 784 YES YES
d04nan02nn0d0 agfcells/d04nan02nn0d0 536 2 21 21 0 0 0 560 436 0 14 560 436 YES YES
d04non02nd0d0 agfcells/d04non02nd0d0 642 2 22 22 0 0 0 280 798 0 21 280 777 YES YES
d04non02ln0b3 agfcells/d04non02ln0b3 636 2 20 20 0 0 0 420 436 0 21 420 436 YES YES
d04ltn80yd0e0 agfcells/d04ltn80yd0e0 456 2 58 58 0 0 0 560 798 0 14 560 784 YES YES
d04orn02yd0i0 agfcells/d04orn02yd0i0 711 2 73 73 0 0 0 700 812 0 14 700 777 YES YES
d04nab03yd0i5 agfcells/d04nab03yd0i5 508 2 77 77 0 -21 -14 910 812 0 21 910 777 YES YES
d04ann02nn0b3 agfcells/d04ann02nn0b3 12 2 27 27 0 -21 0 420 436 0 14 420 436 YES YES
d04ann02yn0f0 agfcells/d04ann02yn0f0 40 2 41 41 0 0 -14 883 436 0 14 883 436 YES YES
d04non02yn0f5 agfcells/d04non02yn0f5 685 2 54 54 0 -21 -14 1141 436 0 14 1120 436 YES YES
d04ann02ld0d3 agfcells/d04ann02ld0d3 0 2 39 39 0 0 0 350 798 0 21 350 784 YES YES
d04aon03yn0b5 agfcells/d04aon03yn0b5 67 2 32 32 0 0 0 770 436 0 14 770 436 YES YES
d04ann04yd0c5 agfcells/d04ann04yd0c5 55 2 50 50 0 0 0 490 798 0 14 490 777 YES YES
d04aon03ln0a5 agfcells/d04aon03ln0a5 61 2 31 31 0 0 0 630 436 0 14 630 436 YES YES
d04ann04yd0b7 agfcells/d04ann04yd0b7 54 2 41 41 0 0 0 420 798 0 14 420 784 YES YES
d04con01yd0c3 agfcells/d04con01yd0c3 290 2 34 34 0 0 0 393 798 0 14 393 784 YES YES
d04ann02wn0b3 agfcells/d04ann02wn0b3 20 2 27 27 0 -21 0 420 436 0 14 420 436 YES YES
d04nob02nn0c0 agfcells/d04nob02nn0c0 614 2 34 34 0 0 -14 673 436 0 14 673 436 YES YES
d04nan02ld0c3 agfcells/d04nan02ld0c3 520 2 22 22 0 0 0 280 798 0 21 280 777 YES YES
d04cak01nn0f0 agfcells/d04cak01nn0f0 193 2 36 36 0 0 -14 1190 436 0 21 1190 436 YES YES
d04xob03nn0b5 agfcells/d04xob03nn0b5 820 2 89 89 0 0 -14 1890 436 0 14 1890 436 YES YES
d04non02yd0f5 agfcells/d04non02yd0f5 670 2 36 36 0 0 0 420 798 0 14 420 784 YES YES
d04con03nn0c0 agfcells/d04con03nn0c0 309 2 32 32 0 0 -14 840 436 0 21 840 436 YES YES
d04con03nd0d7 agfcells/d04con03nd0d7 307 2 33 33 0 -43 0 420 798 -43 21 420 777 YES YES
d04nan04yn0d0 agfcells/d04nan04yn0d0 606 2 29 29 0 0 0 840 436 0 14 840 436 YES YES
d04nan03nnuc0 agfcells/d04nan03nnuc0 569 2 25 25 0 0 0 630 436 0 14 630 436 YES YES
d04nob02yd0g0 agfcells/d04nob02yd0g0 619 2 77 77 0 0 -14 700 812 0 14 700 784 YES YES
d04inn00wnud0 agfcells/d04inn00wnud0 409 2 17 17 0 0 0 420 436 0 14 420 436 YES YES
d04inn00wn0h5 agfcells/d04inn00wn0h5 417 2 36 36 0 0 -14 910 436 0 14 910 436 YES YES
d04inn00lnuf5 agfcells/d04inn00lnuf5 381 2 31 31 0 0 -14 630 436 0 14 630 436 YES YES
d04inn00nduo7 agfcells/d04inn00nduo7 388 2 48 48 0 0 -14 490 812 0 14 490 784 YES YES
d04inn00ln0c5 agfcells/d04inn00ln0c5 385 2 16 16 0 0 0 350 436 0 14 350 436 YES YES
d04ann02yn0d0 agfcells/d04ann02yn0d0 37 2 34 34 0 0 0 700 436 0 14 700 436 YES YES
d04ann02yd0h7 agfcells/d04ann02yd0h7 28 2 86 86 0 0 -14 700 812 0 14 700 784 YES YES
d04ann02yn0e0 agfcells/d04ann02yn0e0 38 2 41 41 0 0 -14 840 436 0 14 840 436 YES YES
d04nan02wd0d0 agfcells/d04nan02wd0d0 543 2 35 35 0 0 0 420 798 0 14 420 784 YES YES
d04inn00wd0b5 agfcells/d04inn00wd0b5 404 2 14 14 0 -43 0 210 798 -43 21 210 777 YES YES
d04cak01yd0c5 agfcells/d04cak01yd0c5 197 2 26 26 0 0 0 350 798 0 14 350 777 YES YES
d04cak01yn0d0 agfcells/d04cak01yn0d0 204 2 29 29 0 0 0 770 436 0 14 770 436 YES YES
d04aon11yd0f5 agfcells/d04aon11yd0f5 72 2 65 65 0 0 0 700 812 0 14 700 784 YES YES
d04mkn22ld0c7 agfcells/d04mkn22ld0c7 463 2 88 88 0 0 -35 910 833 0 14 910 784 YES YES
d04non02ld0f5 agfcells/d04non02ld0f5 635 2 36 36 0 0 0 420 798 0 14 420 784 YES YES
d04con03yd0d7 agfcells/d04con03yd0d7 314 2 33 33 0 -43 0 420 798 -43 21 420 777 YES YES
d04con03yd0b5 agfcells/d04con03yd0b5 312 2 45 45 0 0 -14 420 798 0 21 420 784 YES YES
d04cob13nn0b0 agfcells/d04cob13nn0b0 269 2 27 27 0 0 0 630 436 0 14 630 436 YES YES
d04non02yn0e5 agfcells/d04non02yn0e5 683 2 40 40 0 0 -14 861 436 0 14 840 436 YES YES
d04oan01yn0b5 agfcells/d04oan01yn0b5 697 2 33 33 0 0 -35 630 436 0 14 630 436 YES YES
d04cak04yn0b5 agfcells/d04cak04yn0b5 211 2 33 33 0 0 0 770 436 0 14 770 436 YES YES
d04mkn22yd0d5 agfcells/d04mkn22yd0d5 477 2 101 101 0 0 -35 1120 812 0 14 1120 784 YES YES
d04mkn22ln0d0 agfcells/d04mkn22ln0d0 467 2 83 83 0 0 -35 1610 436 0 14 1610 436 YES YES
d04non02ld0c7 agfcells/d04non02ld0c7 632 2 22 22 0 0 0 280 798 0 21 280 777 YES YES
d04xob03ld0c7 agfcells/d04xob03ld0c7 814 2 115 115 0 0 0 910 833 0 14 910 784 YES YES
d04xnb02ln0d0 agfcells/d04xnb02ln0d0 744 2 63 63 0 0 -35 1050 436 0 14 1050 436 YES YES
d04nan02ln0d0 agfcells/d04nan02ln0d0 524 2 21 21 0 0 0 560 436 0 14 560 436 YES YES
d04cak01ln0c0 agfcells/d04cak01ln0c0 185 2 26 26 0 0 -14 630 436 0 14 630 436 YES YES
d04con03ln0b0 agfcells/d04con03ln0b0 304 2 24 24 0 -43 0 420 436 -43 14 420 436 YES YES
d04inn00yn0d0 agfcells/d04inn00yn0d0 440 2 16 16 0 0 0 420 436 0 14 420 436 YES YES
d04con01ld0c7 agfcells/d04con01ld0c7 278 2 34 34 0 0 0 393 798 0 14 393 784 YES YES
d04nab02nd0d3 agfcells/d04nab02nd0d3 486 2 36 36 0 -43 0 350 798 -43 14 350 784 YES YES
d04nan02nd0b6 agfcells/d04nan02nd0b6 526 2 20 20 0 0 0 280 798 0 21 280 777 YES YES
d04con01ld0c5 agfcells/d04con01ld0c5 277 2 31 31 0 -43 0 393 798 -43 21 393 777 YES YES
d04ann02wn0b6 agfcells/d04ann02wn0b6 22 2 25 25 0 -21 0 490 436 0 14 490 436 YES YES
d04ann02nd0b7 agfcells/d04ann02nd0b7 7 2 25 25 0 0 0 280 798 0 14 280 777 YES YES
d04xnk04nn0a5 agfcells/d04xnk04nn0a5 779 2 119 119 0 -43 -35 2353 436 -43 14 2353 436 YES YES
d04mbn22yn0a5 agfcells/d04mbn22yn0a5 460 2 41 41 0 0 0 770 436 0 14 770 436 YES YES
d04ann02wn0c0 agfcells/d04ann02wn0c0 23 2 34 34 0 0 0 700 436 0 14 700 436 YES YES
d04nan02nd0c0 agfcells/d04nan02nd0c0 528 2 22 22 0 0 0 280 798 0 21 280 777 YES YES
d04xnb03yn0b0 agfcells/d04xnb03yn0b0 768 2 81 81 0 -43 0 1933 436 -43 14 1933 436 YES YES
d04non02ln0c0 agfcells/d04non02ln0c0 639 2 24 24 0 -21 0 441 436 0 14 420 436 YES YES
d04non02ld0f0 agfcells/d04non02ld0f0 634 2 36 36 0 0 0 420 798 0 14 420 784 YES YES
d04con01ld0d7 agfcells/d04con01ld0d7 279 2 41 41 0 -43 0 420 798 -43 14 420 784 YES YES
d04non02wd0c5 agfcells/d04non02wd0c5 657 2 22 22 0 0 0 280 798 0 21 280 777 YES YES
d04con01wd0c7 agfcells/d04con01wd0c7 287 2 34 34 0 0 0 393 798 0 14 393 784 YES YES
d04inn00wd0c5 agfcells/d04inn00wd0c5 405 2 21 21 0 -43 0 253 798 -43 21 253 777 YES YES
d04cak02yn0c0 agfcells/d04cak02yn0c0 208 2 31 31 0 0 0 840 436 0 21 840 436 YES YES
d04mbn22nn0b4 agfcells/d04mbn22nn0b4 458 2 44 44 0 -43 0 840 436 -43 14 840 436 YES YES
d04cak02nn0c0 agfcells/d04cak02nn0c0 207 2 31 31 0 0 0 840 436 0 21 840 436 YES YES
d04mkn22nn0d0 agfcells/d04mkn22nn0d0 472 2 83 83 0 0 -35 1610 436 0 14 1610 436 YES YES
d04mkn22ln0b5 agfcells/d04mkn22ln0b5 466 2 59 59 0 0 0 1163 436 0 14 1163 436 YES YES
d04non02ld0c5 agfcells/d04non02ld0c5 631 2 22 22 0 0 0 280 798 0 21 280 777 YES YES
d04non02ld0d0 agfcells/d04non02ld0d0 633 2 22 22 0 0 0 280 798 0 21 280 777 YES YES
d04nan02wn0d0 agfcells/d04nan02wn0d0 548 2 21 21 0 0 0 560 436 0 14 560 436 YES YES
d04ann02wd0b7 agfcells/d04ann02wd0b7 18 2 25 25 0 0 0 280 798 0 14 280 777 YES YES
d04xob02yd0c7 agfcells/d04xob02yd0c7 801 2 67 67 0 -43 0 603 798 -43 14 603 784 YES YES
d04bfn00ld0c5 agfcells/d04bfn00ld0c5 85 2 36 36 0 0 0 280 798 0 14 280 777 YES YES
d04inn00wduq0 agfcells/d04inn00wduq0 403 2 66 66 0 0 -14 630 812 0 14 630 784 YES YES
d04can03nn0d0 agfcells/d04can03nn0d0 225 2 36 36 0 0 0 980 436 0 21 980 436 YES YES
d04cak01yn0c0 agfcells/d04cak01yn0c0 203 2 26 26 0 0 -14 630 436 0 14 630 436 YES YES
d04mkn22nn0b0 agfcells/d04mkn22nn0b0 470 2 38 38 0 0 -14 953 436 0 14 953 436 YES YES
d04cak01nd0f5 agfcells/d04cak01nd0f5 188 2 49 49 0 0 0 630 798 0 14 630 784 YES YES
d04cak01wd0b7 agfcells/d04cak01wd0b7 194 2 26 26 0 0 0 350 798 0 14 350 777 YES YES
d04xnb02wn0b5 agfcells/d04xnb02wn0b5 751 2 49 49 0 -43 0 840 436 -43 14 840 436 YES YES
d04cak01nd0d0 agfcells/d04cak01nd0d0 187 2 26 26 0 0 0 350 798 0 14 350 777 YES YES
d04nob02ln0b5 agfcells/d04nob02ln0b5 611 2 26 26 0 0 0 560 436 0 14 560 436 YES YES
d04ann02nn0e3 agfcells/d04ann02nn0e3 17 2 41 41 0 0 -14 883 436 0 14 883 436 YES YES
d04cak01nd0i5 agfcells/d04cak01nd0i5 189 2 64 64 0 0 0 770 798 0 14 770 784 YES YES
d04cak04nn0b0 agfcells/d04cak04nn0b0 209 2 22 22 0 0 0 420 436 0 14 420 436 YES YES
d04mkn22yn0b0 agfcells/d04mkn22yn0b0 479 2 38 38 0 0 -14 953 436 0 14 953 436 YES YES
d04mbn22nn0d0 agfcells/d04mbn22nn0d0 459 2 64 64 0 0 0 1120 436 0 14 1120 436 YES YES
d04nab02wd0f5 agfcells/d04nab02wd0f5 493 2 56 56 0 -43 0 560 812 -43 14 560 784 YES YES
d04mkn22yn0c0 agfcells/d04mkn22yn0c0 481 2 58 58 0 0 0 1120 436 0 14 1120 436 YES YES
d04mkn22wn0b5 agfcells/d04mkn22wn0b5 475 2 59 59 0 0 0 1163 436 0 14 1163 436 YES YES
d04con03wn0c0 agfcells/d04con03wn0c0 311 2 32 32 0 0 -14 840 436 0 21 840 436 YES YES
d04ltn80ld0c0 agfcells/d04ltn80ld0c0 453 2 47 47 0 0 -35 490 798 0 14 490 784 YES YES
d04inn00wnub3 agfcells/d04inn00wnub3 407 2 10 10 0 0 0 350 436 0 21 350 436 YES YES
d04con10wn0b0 agfcells/d04con10wn0b0 321 2 28 28 0 -43 0 700 436 -43 14 700 436 YES YES
d04nab02ld0d3 agfcells/d04nab02ld0d3 483 2 36 36 0 -43 0 350 798 -43 14 350 784 YES YES
d04xnb02yn0e0 agfcells/d04xnb02yn0e0 763 2 58 58 0 0 -35 1120 436 0 14 1120 436 YES YES
d04nob02wd0d3 agfcells/d04nob02wd0d3 615 2 36 36 0 0 0 350 798 0 21 350 784 YES YES
d04nan02nd0b7 agfcells/d04nan02nd0b7 527 2 20 20 0 0 0 280 798 0 21 280 777 YES YES
d04nab02ld0f5 agfcells/d04nab02ld0f5 484 2 56 56 0 -43 0 560 812 -43 14 560 784 YES YES
d04ltn80ld0e0 agfcells/d04ltn80ld0e0 454 2 58 58 0 0 0 560 798 0 14 560 784 YES YES
d04non02wn0c0 agfcells/d04non02wn0c0 664 2 24 24 0 -21 0 441 436 0 14 420 436 YES YES
d04cak01yd0i5 agfcells/d04cak01yd0i5 200 2 64 64 0 0 0 770 798 0 14 770 784 YES YES
d04xnb02ln0b5 agfcells/d04xnb02ln0b5 743 2 49 49 0 -43 0 840 436 -43 14 840 436 YES YES
d04xob03ln0d0 agfcells/d04xob03ln0d0 816 2 103 103 0 -21 -35 2240 436 0 14 2240 436 YES YES
d04inn00yn0e3 agfcells/d04inn00yn0e3 441 2 23 23 0 0 -14 490 436 0 14 490 436 YES YES
d04xnb02yn0b7 agfcells/d04xnb02yn0b7 760 2 49 49 0 -43 0 840 436 -43 14 840 436 YES YES
d04oan01wn0b0 agfcells/d04oan01wn0b0 694 2 33 33 0 0 0 560 436 0 14 560 436 YES YES
d04cob13yd0b5 agfcells/d04cob13yd0b5 272 2 46 46 0 0 0 533 798 0 14 533 784 YES YES
d04oan01ln0b5 agfcells/d04oan01ln0b5 691 2 33 33 0 0 -35 630 436 0 14 630 436 YES YES
d04kok01nn0b0 agfcells/d04kok01nn0b0 447 2 22 22 0 -43 0 420 436 -43 14 420 436 YES YES
d04cak01yd0b7 agfcells/d04cak01yd0b7 196 2 26 26 0 0 0 350 798 0 14 350 777 YES YES
d04xnk04wn0b5 agfcells/d04xnk04wn0b5 785 2 115 115 0 -43 -35 2353 436 -43 14 2353 436 YES YES
d04xnk04ld0f5 agfcells/d04xnk04ld0f5 772 2 223 223 0 0 -14 1890 812 0 14 1890 784 YES YES
d04can03wn0a5 agfcells/d04can03wn0a5 230 2 23 23 0 0 0 420 436 0 14 420 436 YES YES
d04xnk04ln0b0 agfcells/d04xnk04ln0b0 774 2 119 119 0 -43 -35 2353 436 -43 14 2353 436 YES YES
d04non02wd0f0 agfcells/d04non02wd0f0 658 2 36 36 0 0 0 420 798 0 14 420 784 YES YES
d04xnk04ln0e0 agfcells/d04xnk04ln0e0 778 2 163 163 0 0 -35 3290 436 0 14 3290 436 YES YES
d04nan03nd0b7 agfcells/d04nan03nd0b7 567 2 25 25 0 0 0 350 798 0 14 350 777 YES YES
d04bfn00nd0b4 agfcells/d04bfn00nd0b4 100 2 21 21 0 -21 0 280 798 0 21 280 777 YES YES
d04inn00nn0d0 agfcells/d04inn00nn0d0 401 2 16 16 0 0 0 420 436 0 14 420 436 YES YES
d04mbn22yn0b0 agfcells/d04mbn22yn0b0 461 2 44 44 0 -43 0 840 436 -43 14 840 436 YES YES
d04orn04wn0c0 agfcells/d04orn04wn0c0 718 2 47 47 0 -43 -14 980 436 -43 14 980 436 YES YES
d04xob03ln0a5 agfcells/d04xob03ln0a5 815 2 71 71 0 0 0 1820 436 0 14 1820 436 YES YES
d04xob02wn0d0 agfcells/d04xob02wn0d0 800 2 63 63 0 0 -35 1050 436 0 14 1050 436 YES YES
d04xob02ln0b5 agfcells/d04xob02ln0b5 796 2 50 50 0 -43 0 840 436 -43 14 840 436 YES YES
d04ann03yn0d0 agfcells/d04ann03yn0d0 48 2 43 43 0 0 -14 910 436 0 14 910 436 YES YES
d04xob03yn0c0 agfcells/d04xob03yn0c0 827 2 89 89 0 0 -14 1890 436 0 14 1890 436 YES YES
d04cab13yn0c0 agfcells/d04cab13yn0c0 181 2 44 44 0 0 -14 1071 436 0 14 1050 436 YES YES
d04ann02yd0k0 agfcells/d04ann02yd0k0 29 2 84 84 0 0 -14 770 812 0 14 770 784 YES YES
d04orn02wn0b5 agfcells/d04orn02wn0b5 706 2 24 24 0 0 0 420 436 0 14 420 436 YES YES
d04xnb02yd0h0 agfcells/d04xnb02yd0h0 753 2 102 102 0 0 -14 980 812 0 14 980 777 YES YES
d04nan03yd0d0 agfcells/d04nan03yd0d0 574 2 23 23 0 0 0 350 798 0 21 350 777 YES YES
d04aon11yd0d5 agfcells/d04aon11yd0d5 71 2 41 41 0 0 0 420 798 0 21 420 777 YES YES
d04nab02wn0b0 agfcells/d04nab02wn0b0 494 2 24 24 0 0 0 463 436 0 14 463 436 YES YES
d04fky00yd0b0 agfcells/d04fky00yd0b0 330 2 100 100 0 0 0 1023 798 0 14 1023 784 YES YES
d04fky00yd0e0 agfcells/d04fky00yd0e0 331 2 124 124 0 0 0 1211 833 0 14 1190 784 YES YES
d04fky00yd0g0 agfcells/d04fky00yd0g0 332 2 138 138 0 0 -14 1260 812 0 14 1260 784 YES YES
d04ann03yn0f0 agfcells/d04ann03yn0f0 49 2 50 50 0 0 -14 1050 436 0 14 1050 436 YES YES
d04nan04yd0f0 agfcells/d04nan04yd0f0 603 2 60 60 0 0 0 840 798 0 14 840 784 YES YES
d04can03yn0c0 agfcells/d04can03yn0c0 244 2 36 36 0 0 0 840 436 0 21 840 436 YES YES
d04can03yn0b7 agfcells/d04can03yn0b7 243 2 36 36 0 0 0 840 436 0 21 840 436 YES YES
d04can03yn0d0 agfcells/d04can03yn0d0 245 2 36 36 0 0 0 980 436 0 21 980 436 YES YES
d04can03yd0c5 agfcells/d04can03yd0c5 237 2 35 35 0 -43 0 420 798 -43 21 420 777 YES YES
d04can03yn0e3 agfcells/d04can03yn0e3 247 2 52 52 0 0 -14 1540 436 0 14 1540 436 YES YES
d04can03yd0b5 agfcells/d04can03yd0b5 236 2 38 38 0 0 0 420 798 0 21 420 777 YES YES
d04can03wd0c7 agfcells/d04can03wd0c7 229 2 38 38 0 0 0 420 798 0 21 420 777 YES YES
d04can03yn8b0 agfcells/d04can03yn8b0 249 2 26 26 0 0 0 630 436 0 21 630 436 YES YES
d04can03wd0c5 agfcells/d04can03wd0c5 228 2 35 35 0 -43 0 420 798 -43 21 420 777 YES YES
d04kok01wd0b0 agfcells/d04kok01wd0b0 448 2 27 27 0 0 0 350 798 0 14 350 777 YES YES
d04can03yn0e0 agfcells/d04can03yn0e0 246 2 50 50 0 0 -14 1400 436 0 21 1400 436 YES YES
d04can03yn0b3 agfcells/d04can03yn0b3 240 2 36 36 0 0 0 840 436 0 21 840 436 YES YES
d04fyj43yd0c0 agfcells/d04fyj43yd0c0 345 2 202 202 0 0 -14 1820 812 0 14 1820 784 YES YES
d04orn02nn0a5 agfcells/d04orn02nn0a5 700 2 25 25 0 0 0 463 436 0 14 463 436 YES YES
d04fyj43yd0g0 agfcells/d04fyj43yd0g0 346 2 241 241 0 0 -35 2380 798 0 14 2380 784 YES YES
d04fyj43yd0b0 agfcells/d04fyj43yd0b0 344 2 197 197 0 0 -14 1750 812 0 14 1750 784 YES YES
d04fky00ld0a5 agfcells/d04fky00ld0a5 325 2 106 106 0 -43 0 910 798 -43 14 910 784 YES YES
d04fky00nd0b0 agfcells/d04fky00nd0b0 327 2 100 100 0 0 0 1023 798 0 14 1023 784 YES YES
d04nan04yd0d7 agfcells/d04nan04yd0d7 601 2 26 26 0 0 0 420 798 0 21 420 777 YES YES
d04cgc01nd0j0 agfcells/d04cgc01nd0j0 260 2 199 199 0 0 -14 1820 812 0 14 1820 784 YES YES
d04non02ld0c0 agfcells/d04non02ld0c0 630 2 22 22 0 0 0 280 798 0 21 280 777 YES YES
d04nan04yn0c0 agfcells/d04nan04yn0c0 605 2 26 26 0 0 0 840 436 0 14 840 436 YES YES
d04cgc01nd0d0 agfcells/d04cgc01nd0d0 254 2 112 112 0 0 -14 1050 833 0 14 1050 784 YES YES
d04cgc01nd0f0 agfcells/d04cgc01nd0f0 256 2 118 118 0 0 -14 1190 833 0 14 1190 784 YES YES
d04nan04nd0b7 agfcells/d04nan04nd0b7 589 2 37 37 0 0 0 420 798 0 14 420 784 YES YES
d04aon11wn0b0 agfcells/d04aon11wn0b0 70 2 25 25 0 -43 0 490 436 -43 14 490 436 YES YES
d04kak01wn0b0 agfcells/d04kak01wn0b0 445 2 21 21 0 0 0 560 436 0 21 560 436 YES YES
d04cob13yn0f0 agfcells/d04cob13yn0f0 276 2 67 67 0 0 -14 1750 436 0 14 1750 436 YES YES
d04can03ln0b5 agfcells/d04can03ln0b5 215 2 36 36 0 0 0 840 436 0 21 840 436 YES YES
d04gbf10nd0f0 agfcells/d04gbf10nd0f0 369 2 87 87 0 0 -14 770 812 0 14 770 784 YES YES
d04nak24yn0c0 agfcells/d04nak24yn0c0 516 2 36 36 0 0 0 770 436 0 14 770 436 YES YES
d04nan04ld0c7 agfcells/d04nan04ld0c7 585 2 39 39 0 0 0 420 798 0 14 420 784 YES YES
d04nan04ld0b7 agfcells/d04nan04ld0b7 584 2 37 37 0 0 0 420 798 0 14 420 784 YES YES
d04nan04nn0b5 agfcells/d04nan04nn0b5 592 2 26 26 0 0 0 840 436 0 21 840 436 YES YES
d04nak24nn0c0 agfcells/d04nak24nn0c0 513 2 36 36 0 0 0 770 436 0 14 770 436 YES YES
d04nan04yd0d0 agfcells/d04nan04yd0d0 600 2 39 39 0 0 0 420 798 0 14 420 784 YES YES
d04nan04yn0e0 agfcells/d04nan04yn0e0 607 2 32 32 0 0 0 1001 436 0 14 980 436 YES YES
d04can03yn0f0 agfcells/d04can03yn0f0 248 2 52 52 0 0 -14 1540 436 0 14 1540 436 YES YES
d04nak24ln0c0 agfcells/d04nak24ln0c0 512 2 36 36 0 0 0 770 436 0 14 770 436 YES YES
d04ann02nn0d0 agfcells/d04ann02nn0d0 16 2 34 34 0 0 0 700 436 0 14 700 436 YES YES
d04nan03wd0d7 agfcells/d04nan03wd0d7 572 2 25 25 0 0 0 350 798 0 21 350 777 YES YES
d04can03ld0c7 agfcells/d04can03ld0c7 213 2 38 38 0 0 0 420 798 0 21 420 777 YES YES
d04nan02yd0e0 agfcells/d04nan02yd0e0 556 2 35 35 0 0 0 420 798 0 14 420 784 YES YES
d04nan04nd0i0 agfcells/d04nan04nd0i0 591 2 70 70 0 0 0 980 798 0 14 980 784 YES YES
d04nak24nn0d0 agfcells/d04nak24nn0d0 514 2 46 46 0 0 -14 840 436 0 14 840 436 YES YES
d04nan04nd0d7 agfcells/d04nan04nd0d7 590 2 26 26 0 0 0 420 798 0 21 420 777 YES YES
d04nan04yd0e0 agfcells/d04nan04yd0e0 602 2 26 26 0 0 0 420 798 0 21 420 777 YES YES
d04nan04ln0b5 agfcells/d04nan04ln0b5 587 2 26 26 0 0 0 840 436 0 21 840 436 YES YES
d04nan02ld0b5 agfcells/d04nan02ld0b5 518 2 20 20 0 0 0 280 798 0 21 280 777 YES YES
d04ann03ln0b0 agfcells/d04ann03ln0b0 41 2 29 29 0 -21 0 560 436 0 14 560 436 YES YES
d04inn00nduq0 agfcells/d04inn00nduq0 389 2 66 66 0 0 -14 630 812 0 14 630 784 YES YES
d04nan04wn0b5 agfcells/d04nan04wn0b5 597 2 26 26 0 0 0 840 436 0 21 840 436 YES YES
d04nan04nn0c0 agfcells/d04nan04nn0c0 593 2 26 26 0 0 0 840 436 0 14 840 436 YES YES
d04nan03yn0e0 agfcells/d04nan03yn0e0 582 2 30 30 0 0 0 770 436 0 14 770 436 YES YES
d04non02nd0i0 agfcells/d04non02nd0i0 646 2 62 62 0 0 -14 700 812 0 14 700 784 YES YES
d04nan02wd0b5 agfcells/d04nan02wd0b5 538 2 20 20 0 0 0 280 798 0 21 280 777 YES YES
d04nan04wd0b7 agfcells/d04nan04wd0b7 596 2 37 37 0 0 0 420 798 0 14 420 784 YES YES
d04nan02wd0e0 agfcells/d04nan02wd0e0 544 2 35 35 0 0 0 420 798 0 14 420 784 YES YES
d04can03wn0b0 agfcells/d04can03wn0b0 231 2 27 27 0 0 0 560 436 0 21 560 436 YES YES
d04non02nn0c5 agfcells/d04non02nn0c5 651 2 28 28 0 0 0 560 436 0 14 560 436 YES YES
d04non04nn0b5 agfcells/d04non04nn0b5 689 2 31 31 0 0 -14 883 436 0 21 883 436 YES YES
d04rrb22wn0a5 agfcells/d04rrb22wn0a5 732 2 63 63 0 -43 0 1163 436 -43 14 1163 436 YES YES
d04rrb22wn0b5 agfcells/d04rrb22wn0b5 733 2 62 62 0 0 -14 1373 436 0 14 1373 436 YES YES
d04orn02wd0c5 agfcells/d04orn02wd0c5 703 2 39 39 0 0 0 350 798 0 14 350 777 YES YES
d04ann02nd0f7 agfcells/d04ann02nd0f7 9 2 61 61 0 0 -14 490 812 0 21 490 784 YES YES
d04can03nn0b0 agfcells/d04can03nn0b0 221 2 27 27 0 0 0 560 436 0 21 560 436 YES YES
d04can03nd0b5 agfcells/d04can03nd0b5 218 2 38 38 0 0 0 420 798 0 21 420 777 YES YES
d04non02nn0f0 agfcells/d04non02nn0f0 655 2 46 46 0 -21 -14 980 436 0 14 980 436 YES YES
d04ann03yd0f7 agfcells/d04ann03yd0f7 44 2 55 55 0 0 0 490 798 0 14 490 784 YES YES
d04aon03yd0b3 agfcells/d04aon03yd0b3 64 2 41 41 0 0 0 490 798 0 21 490 777 YES YES
d04orn02yn0d0 agfcells/d04orn02yn0d0 716 2 38 38 0 0 -35 770 436 0 14 770 436 YES YES
d04inn00ndui0 agfcells/d04inn00ndui0 387 2 34 34 0 0 0 350 798 0 14 350 784 YES YES
d04orn02wn0b0 agfcells/d04orn02wn0b0 705 2 25 25 0 0 0 463 436 0 14 463 436 YES YES
d04fky00wd0a5 agfcells/d04fky00wd0a5 328 2 106 106 0 -43 0 910 798 -43 14 910 784 YES YES
d04can03wn0b4 agfcells/d04can03wn0b4 232 2 36 36 0 0 0 840 436 0 21 840 436 YES YES
d04can03yd0b3 agfcells/d04can03yd0b3 235 2 41 41 0 0 0 420 798 0 21 420 777 YES YES
d04can03yn0b4 agfcells/d04can03yn0b4 241 2 36 36 0 0 0 840 436 0 21 840 436 YES YES
d04fyj03ld0g0 agfcells/d04fyj03ld0g0 335 2 172 172 0 0 0 1750 798 0 14 1750 784 YES YES
d04nan02nd0b5 agfcells/d04nan02nd0b5 525 2 20 20 0 0 0 280 798 0 21 280 777 YES YES
d04fky00ld0b0 agfcells/d04fky00ld0b0 326 2 100 100 0 0 0 1023 798 0 14 1023 784 YES YES
d04inn00yd0b5 agfcells/d04inn00yd0b5 422 2 14 14 0 -43 0 210 798 -43 21 210 777 YES YES
d04cob11yn0f0 agfcells/d04cob11yn0f0 267 2 60 60 0 0 -14 1513 436 0 14 1513 436 YES YES
d04cob11yd0d7 agfcells/d04cob11yd0d7 264 2 47 47 0 0 0 490 798 0 21 490 777 YES YES
d04cob11yd0c7 agfcells/d04cob11yd0c7 263 2 46 46 0 0 0 420 798 0 21 420 777 YES YES
d04oan01yn0b0 agfcells/d04oan01yn0b0 696 2 33 33 0 0 0 560 436 0 14 560 436 YES YES
d04nak24yn0f0 agfcells/d04nak24yn0f0 517 2 59 59 0 0 -14 1470 436 0 14 1470 436 YES YES
d04rrb22yn0a5 agfcells/d04rrb22yn0a5 734 2 63 63 0 -43 0 1163 436 -43 14 1163 436 YES YES
d04nan04nn0d0 agfcells/d04nan04nn0d0 594 2 29 29 0 0 0 840 436 0 14 840 436 YES YES
d04non02nd0h5 agfcells/d04non02nd0h5 645 2 62 62 0 0 -14 700 812 0 14 700 784 YES YES
d04nan04ld0d7 agfcells/d04nan04ld0d7 586 2 26 26 0 0 0 420 798 0 21 420 777 YES YES
d04non02wd0f7 agfcells/d04non02wd0f7 659 2 51 51 0 0 -14 560 812 0 14 560 784 YES YES
d04ltn80yd0g0 agfcells/d04ltn80yd0g0 457 2 78 78 0 0 -35 700 798 0 14 700 784 YES YES
d04nan04ln0d0 agfcells/d04nan04ln0d0 588 2 29 29 0 0 0 840 436 0 14 840 436 YES YES
d04nab02wn0b5 agfcells/d04nab02wn0b5 495 2 28 28 0 0 0 603 436 0 14 603 436 YES YES
d04nak24wn0c0 agfcells/d04nak24wn0c0 515 2 36 36 0 0 0 770 436 0 14 770 436 YES YES
d04nan04yd0c7 agfcells/d04nan04yd0c7 599 2 39 39 0 0 0 420 798 0 14 420 784 YES YES
d04nan02nd0d0 agfcells/d04nan02nd0d0 531 2 35 35 0 0 0 420 798 0 14 420 784 YES YES
d04aon03nn0c0 agfcells/d04aon03nn0c0 62 2 32 32 0 0 0 770 436 0 14 770 436 YES YES
d04non02nn0e0 agfcells/d04non02nn0e0 654 2 31 31 0 0 -14 700 436 0 14 700 436 YES YES
d04can03nn0b7 agfcells/d04can03nn0b7 223 2 36 36 0 0 0 840 436 0 21 840 436 YES YES
d04fky00yd0a5 agfcells/d04fky00yd0a5 329 2 106 106 0 -43 0 910 798 -43 14 910 784 YES YES
d04can03ld0c5 agfcells/d04can03ld0c5 212 2 35 35 0 -43 0 420 798 -43 21 420 777 YES YES
d04can03wd0b5 agfcells/d04can03wd0b5 227 2 38 38 0 0 0 420 798 0 21 420 777 YES YES
d04can03nd0b0 agfcells/d04can03nd0b0 217 2 41 41 0 0 0 420 798 0 21 420 777 YES YES
d04can03wn0b7 agfcells/d04can03wn0b7 234 2 36 36 0 0 0 840 436 0 21 840 436 YES YES
d04can03wd0b3 agfcells/d04can03wd0b3 226 2 41 41 0 0 0 420 798 0 21 420 777 YES YES
d04can03ln0c0 agfcells/d04can03ln0c0 216 2 36 36 0 0 0 840 436 0 21 840 436 YES YES
d04kok01wn0b0 agfcells/d04kok01wn0b0 449 2 22 22 0 -43 0 420 436 -43 14 420 436 YES YES
d04can03wn0b5 agfcells/d04can03wn0b5 233 2 36 36 0 0 0 840 436 0 21 840 436 YES YES
d04nab03yd0f5 agfcells/d04nab03yd0f5 507 2 62 62 0 0 -14 840 798 0 14 840 784 YES YES
d04nab03yn0f0 agfcells/d04nab03yn0f0 510 2 55 55 0 0 -14 1470 436 0 14 1470 436 YES YES
d04orn02ln0a5 agfcells/d04orn02ln0a5 699 2 25 25 0 0 0 463 436 0 14 463 436 YES YES
d04nob03yn0b5 agfcells/d04nob03yn0b5 628 2 34 34 0 0 0 770 436 0 14 770 436 YES YES
d04aon03yn0f0 agfcells/d04aon03yn0f0 69 2 59 59 0 0 -14 1470 436 0 14 1470 436 YES YES
d04nab02nn0f0 agfcells/d04nab02nn0f0 492 2 35 35 0 0 -14 980 436 0 14 980 436 YES YES
d04can03nd0c7 agfcells/d04can03nd0c7 219 2 38 38 0 0 0 420 798 0 21 420 777 YES YES
d04nan04yn0f0 agfcells/d04nan04yn0f0 609 2 36 36 0 0 -14 1561 436 0 14 1540 436 YES YES
d04ann03nn0a5 agfcells/d04ann03nn0a5 42 2 29 29 0 -21 0 560 436 0 14 560 436 YES YES
d04nan02nd0h0 agfcells/d04nan02nd0h0 532 2 71 71 0 0 0 700 798 0 14 700 784 YES YES
d04ann04nd0d7 agfcells/d04ann04nd0d7 53 2 53 53 0 0 0 560 798 0 14 560 784 YES YES
d04nak24ld0f7 agfcells/d04nak24ld0f7 511 2 70 70 0 0 0 770 798 0 14 770 784 YES YES
d04nob03yn0d0 agfcells/d04nob03yn0d0 629 2 43 43 0 -21 -14 910 436 0 14 910 436 YES YES
d04nan04nn0e0 agfcells/d04nan04nn0e0 595 2 32 32 0 0 0 1001 436 0 14 980 436 YES YES
d04ann04ld0b7 agfcells/d04ann04ld0b7 50 2 41 41 0 0 0 420 798 0 14 420 784 YES YES
d04cab13yn0d0 agfcells/d04cab13yn0d0 182 2 50 50 0 -21 -14 1190 436 0 14 1190 436 YES YES
d04ann04nd0b7 agfcells/d04ann04nd0b7 51 2 41 41 0 0 0 420 798 0 14 420 784 YES YES
d04non02nd0c7 agfcells/d04non02nd0c7 641 2 22 22 0 0 0 280 798 0 21 280 777 YES YES
d04rrb22yn0b0 agfcells/d04rrb22yn0b0 735 2 62 62 0 0 -14 1373 436 0 14 1373 436 YES YES
d04rrb22ln0b5 agfcells/d04rrb22ln0b5 731 2 62 62 0 0 -14 1373 436 0 14 1373 436 YES YES
d04can03nn0c0 agfcells/d04can03nn0c0 224 2 36 36 0 0 0 840 436 0 21 840 436 YES YES
d04inn00nd0q0 agfcells/d04inn00nd0q0 392 2 74 74 0 0 -14 630 812 0 14 630 784 YES YES
d04non04yn0c0 agfcells/d04non04yn0c0 690 2 38 38 0 0 -14 840 436 0 14 840 436 YES YES
d04cab13yn0f0 agfcells/d04cab13yn0f0 183 2 67 67 0 0 -14 1750 436 0 14 1750 436 YES YES
d04con04yn0b5 agfcells/d04con04yn0b5 318 2 30 30 0 0 0 700 436 0 14 700 436 YES YES
d04xob02yn0g0 agfcells/d04xob02yn0g0 813 2 81 81 0 0 -35 1540 436 0 14 1540 436 YES YES
d04cob13yn0d0 agfcells/d04cob13yn0d0 275 2 56 56 0 0 -14 1120 436 0 14 1120 436 YES YES
d04nan02ld0b7 agfcells/d04nan02ld0b7 519 2 20 20 0 0 0 280 798 0 21 280 777 YES YES
d04non02ln0d5 agfcells/d04non02ln0d5 640 2 30 30 0 0 0 700 436 0 14 700 436 YES YES
d04cob13nd0b5 agfcells/d04cob13nd0b5 268 2 46 46 0 0 0 533 798 0 14 533 784 YES YES
d04con03nd0c7 agfcells/d04con03nd0c7 306 2 32 32 0 -43 0 420 798 -43 14 420 784 YES YES
d04non03yd0g0 agfcells/d04non03yd0g0 688 2 79 79 0 0 -14 770 812 0 14 770 784 YES YES
d04con04yn0f0 agfcells/d04con04yn0f0 320 2 57 57 0 0 -14 1470 436 0 14 1470 436 YES YES
d04inn00wn0b3 agfcells/d04inn00wn0b3 412 2 10 10 0 -21 0 280 436 0 21 280 436 YES YES
d04nan02nd0c3 agfcells/d04nan02nd0c3 529 2 22 22 0 0 0 280 798 0 21 280 777 YES YES
d04non02wd0h5 agfcells/d04non02wd0h5 660 2 62 62 0 0 -14 700 812 0 14 700 784 YES YES
d04nab02wn0d0 agfcells/d04nab02wn0d0 497 2 19 19 0 -21 0 630 436 0 14 630 436 YES YES
d04mkn22wn0a5 agfcells/d04mkn22wn0a5 474 2 34 34 0 0 0 953 436 0 14 953 436 YES YES
d04xob02yn0b7 agfcells/d04xob02yn0b7 808 2 50 50 0 -43 0 840 436 -43 14 840 436 YES YES
d04nan03nn0d0 agfcells/d04nan03nn0d0 571 2 22 22 0 0 0 700 436 0 14 700 436 YES YES
d04non02nd0g0 agfcells/d04non02nd0g0 644 2 51 51 0 0 -14 560 812 0 14 560 784 YES YES
d04nab02wn0c0 agfcells/d04nab02wn0c0 496 2 28 28 0 0 0 603 436 0 14 603 436 YES YES
d04mkn22ld0d5 agfcells/d04mkn22ld0d5 464 2 101 101 0 0 -35 1120 812 0 14 1120 784 YES YES
d04con03yd0c7 agfcells/d04con03yd0c7 313 2 32 32 0 -43 0 420 798 -43 14 420 784 YES YES
d04xnk04ln0d0 agfcells/d04xnk04ln0d0 777 2 124 124 0 -43 -35 2843 436 -43 14 2843 436 YES YES
d04cob13nn0d0 agfcells/d04cob13nn0d0 271 2 56 56 0 0 -14 1120 436 0 14 1120 436 YES YES
d04non03nn0b5 agfcells/d04non03nn0b5 686 2 22 22 0 -43 0 630 436 -43 21 630 436 YES YES
d04xnb02nn0b3 agfcells/d04xnb02nn0b3 746 2 49 49 0 -43 0 840 436 -43 14 840 436 YES YES
fdkex agfcells/fdkex 833 2 7960920 14590305 229189 -106 -84 305337 304212 0 0 302400 303240 YES YES
