SD 7
GRD SUBSTRATE G 0 0 0 n 0 -1 0 0 0 0 0 0 0 -1
GRD fieldox D 0 0 1 b 0 -1 0 0 0.2 3.9 0 0 0 0
GRD pd C 1 1 2 b 0 -1 0 0.2 0.3 0 0.06 0.03 5e-07 -1
GRD nd C 2 1 3 b 0 -1 0 0.2 0.3 0 0.06 0.03 5e-07 -1
GRD fill_diff D 0 0 4 b 0 -1 0 0.2 0.3 3.9 0 0 0 0
GRD p_gate_BOTDIE D 0 0 5 b 0 -1 0 0.3 0.3015 22 0 0 0 0
GRD p_gate C 3 2 6 b 0 0.0375765 -0.003 0.3015 0.37 0 0.028 0.042 0 -1
GRD p_BOTDIE D 0 0 7 b 0 -1 0 0.3 0.3015 22 0 0 0 0
GRD p C 4 2 8 b 0 0.0375765 -0.003 0.3015 0.37 0 0.028 0.042 0 -1
GRD spacer D 0 0 9 b 0 -1 0 0.3 0.3 4.5 0 0 0 0
GRD gatedielectric_side D 0 0 10 b 0 -1 0 0.3 0.3 22 0 0 0 0
GRD tcn_BOTDIE D 0 0 11 b 0 -1 0 0.3 0.301 3.9 0 0 0 0
GRD tcn C 5 2 12 b 0 0.178571 0 0.301 0.401 0 0.028 0.042 0.0005 -1
GRD gcn_BOTDIE D 0 0 13 b 0 -1 0 0.3 0.37 3.9 0 0 0 0
GRD gcn C 6 2 14 b 0 0.203252 0.0156 0.37 0.4 0 0.032 0.05 0.005 -1
GRD fill_p D 0 0 15 b 0 -1 0 0.3 0.4 3.9 0 0 0 0
GRD vcnetchstop D 0 0 16 b 0 -1 0 0.4 0.405 5.85 0 0 0 0
GRD vcnild D 0 0 17 b 0 -1 0 0.405 0.44 2.7 0 0 0 0
GRD m0 C 7 3 18 b 0 0.316002 0.0028 0.44 0.47 0 0.028 0.028 -0.0015 -1
GRD fill_m0 D 0 0 19 b 0 -1 0 0.44 0.47 2.7 0 0 0 0
GRD m0etchstop D 0 0 20 b 0 -1 0 0.47 0.478 4.8 0 0 0 0
GRD ild0 D 0 0 21 b 0 -1 0 0.478 0.518 2.75 0 0 0 0
GRD m1 C 8 4 22 b 0 0.425684 0.004 0.518 0.551 0 0.042 0.028 -0.0015 -1
GRD fill_m1 D 0 0 23 b 0 -1 0 0.518 0.551 2.75 0 0 0 0
GRD m1etchstop D 0 0 24 b 0 -1 0 0.551 0.559 4.8 0 0 0 0
GRD ild1 D 0 0 25 b 0 -1 0 0.559 0.592 2.75 0 0 0 0
GRD m2 C 9 5 26 b 0 0.631999 0.0049 0.592 0.635 0 0.028 0.024 -0.00085 -1
GRD fill_m2 D 0 0 27 b 0 -1 0 0.592 0.635 2.75 0 0 0 0
GRD m2etchstop D 0 0 28 b 0 -1 0 0.635 0.643 4.8 0 0 0 0
GRD ild2 D 0 0 29 b 0 -1 0 0.643 0.675 2.75 0 0 0 0
GRD m3 C 10 6 30 b 0 0.611853 0.0047 0.675 0.7165 0 0.028 0.024 -0.00075 -1
GRD fill_m3 D 0 0 31 b 0 -1 0 0.675 0.7165 2.75 0 0 0 0
GRD m3etchstop D 0 0 32 b 0 -1 0 0.7165 0.7245 4.8 0 0 0 0
GRD ild3 D 0 0 33 b 0 -1 0 0.7245 0.7565 2.75 0 0 0 0
GRD m4 C 11 7 34 b 0 0.640685 0.0052 0.7565 0.7985 0 0.028 0.024 -0.0005 -1
GRD fill_m4 D 0 0 35 b 0 -1 0 0.7565 0.7985 2.75 0 0 0 0
GRD m4etchstop D 0 0 36 b 0 -1 0 0.7985 0.8065 4.8 0 0 0 0
GRD ild4 D 0 0 37 b 0 -1 0 0.8065 0.8385 2.75 0 0 0 0
GRD m5 C 12 8 38 b 0 0.640685 0.0052 0.8385 0.8805 0 0.028 0.024 -0.0005 -1
GRD fill_m5 D 0 0 39 b 0 -1 0 0.8385 0.8805 2.75 0 0 0 0
GRD m5etchstop D 0 0 40 b 0 -1 0 0.8805 0.8905 4.8 0 0 0 0
GRD ild5 D 0 0 41 b 0 -1 0 0.8905 0.9295 2.73 0 0 0 0
GRD m6 C 13 9 42 b 0 1.86116 0.0065 0.9295 1.014 0 0.04 0.04 0.00025 -1
GRD fill_m6 D 0 0 43 b 0 -1 0 0.9295 1.014 2.73 0 0 0 0
GRD m6etchstop D 0 0 44 b 0 -1 0 1.014 1.024 5.5 0 0 0 0
GRD ild6 D 0 0 45 b 0 -1 0 1.024 1.108 2.75 0 0 0 0
GRD m7 C 14 10 46 b 0 3.16396 0.008 1.108 1.221 0 0.056 0.056 0 -1
GRD fill_m7 D 0 0 47 b 0 -1 0 1.108 1.221 2.75 0 0 0 0
GRD m7etchstop D 0 0 48 b 0 -1 0 1.221 1.231 4.8 0 0 0 0
GRD ild7 D 0 0 49 b 0 -1 0 1.231 1.366 2.8 0 0 0 0
GRD m8 C 15 11 50 b 0 6.25755 0.0054 1.366 1.531 0 0.126 0.126 -0.0005 -1
GRD fill_m8 D 0 0 51 b 0 -1 0 1.366 1.531 2.8 0 0 0 0
GRD m8etchstop D 0 0 52 b 0 -1 0 1.531 1.641 5.5 0 0 0 0
GRD ild8 D 0 0 53 b 0 -1 0 1.641 2.221 4 0 0 0 0
GRD m9 C 16 12 54 b 0 58.751 0.014 2.221 3.411 0 0.54 0.54 -0.005 -1
GRD fill_m9 D 0 0 55 b 0 -1 0 2.221 3.411 4 0 0 0 0
GRD m9etchstop D 0 0 56 b 0 -1 0 3.411 3.461 5.85 0 0 0 0
GRD ild9l D 0 0 57 b 0 -1 0 3.461 4.061 6.5 0 0 0 0
GRD ce1 C 17 13 58 b 0 0.02 0 4.061 4.071 0 2 1 0 -1
GRD fill_ce1 D 0 0 59 b 0 -1 0 4.061 4.083 6.5 0 0 0 0
GRD mimild D 0 0 60 b 0 -1 0 4.083 4.093 1 0 0 0 0
GRD ce2 C 18 14 61 b 0 0.02 0 4.083 4.093 0 2 1 0 -1
GRD fill_ce2 D 0 0 62 b 0 -1 0 4.083 4.093 6.5 0 0 0 0
GRD ild9 D 0 0 63 b 0 -1 0 4.093 4.893 6.5 0 0 0 0
GRD tm1 C 19 15 64 b 0 249.626 0.016 4.893 10.893 0 5.5 5.5 0 -1
GRD fill_tm1 D 0 0 65 b 0 -1 0 4.893 10.893 6.5 0 0 0 0
GRD plymd D 0 0 66 b 0 -1 0 10.893 16.893 4 0 0 0 0
GRD c4 C 20 16 67 b 0 -1 0 16.893 34.043 0 54.6 30 0 -1
GRD fill_c4 D 0 0 68 b 0 -1 0 16.893 34.043 3.71 0 0 0 0
GRD c4epoxy D 0 0 69 b 0 -1 0 34.043 44.043 3.71 0 0 0 0
GRD contact_nd2tcn V 2 1 0 b 0 1e+07 0 0.3 0.301 0 0 0 0 0
GRD contact_pd2tcn V 1 1 0 b 0 1e+07 0 0.3 0.301 0 0 0 0 0
GRD contact_substrate2pd V 0 0 0 f 0 1e+07 0 0 0.2 0 0 0 0 0
GRD contact_substrate2nd V 0 0 0 f 0 1e+07 0 0 0.2 0 0 0 0 0
GRD viace1 V 17 13 0 b 0 1e+07 0 4.071 4.893 0 0 0 0 0
GRD viace2 V 18 14 0 b 0 1e+07 0 4.093 4.893 0 0 0 0 0
GRD viacngcn V 6 2 0 b 0 -1 0 0.4 0.44 0 0 0 0 0
GRD viacntcn V 5 2 0 b 0 -1 0 0.401 0.44 0 0 0 0 0
GRD via0 V 7 3 0 b 0 -1 0 0.47 0.518 0 0 0 0 0
GRD via1 V 8 4 0 b 0 -1 0 0.551 0.592 0 0 0 0 0
GRD via2 V 9 5 0 b 0 -1 0 0.635 0.675 0 0 0 0 0
GRD via3 V 10 6 0 b 0 -1 0 0.7165 0.7565 0 0 0 0 0
GRD via4 V 11 7 0 b 0 -1 0 0.7985 0.8385 0 0 0 0 0
GRD via5 V 12 8 0 b 0 -1 0 0.8805 0.9295 0 0 0 0 0
GRD via6 V 13 9 0 b 0 -1 0 1.014 1.108 0 0 0 0 0
GRD via7 V 14 10 0 b 0 -1 0 1.221 1.366 0 0 0 0 0
GRD via8 V 15 11 0 b 0 -1 0 1.531 2.221 0 0 0 0 0
GRD via9 V 16 12 0 b 0 -1 0 3.411 4.893 0 0 0 0 0
GRD tv1 V 19 15 0 b 0 1.11111 0 10.893 16.893 0 0 0 0 0

DB c4 C 1 1 1 0 0 0 0 0 F 0 0 0 c4
DB tm1 C 2 2 2 0.004006 0 0 0 0 F 0 0 0 tm1
DB m9 C 3 3 3 0.017021 0 0 0 0 F 0 0 0 m9
DB m8 C 4 4 4 0.159807 0 0 0 0 F 0 0 0 m8
DB m7 C 5 5 5 0.31606 0 0 0 0 F 0 0 0 m7
DB m6 C 6 6 6 0.537299 0 0 0 0 F 0 0 0 m6
DB m5 C 7 7 7 1.56083 0 0 0 0 F 0 0 0 m5
DB m4 C 8 8 8 1.56083 0 0 0 0 F 0 0 0 m4
DB m3 C 9 9 9 1.63438 0 0 0 0 F 0 0 0 m3
DB m2 C 10 10 10 1.58228 0 0 0 0 F 0 0 0 m2
DB m1 C 11 11 11 2.34916 0 0 0 0 F 0 0 0 m1
DB m0 C 12 12 12 3.16454 0 0 0 0 F 0 0 0 m0
DB poly C 13 13 13 26.6124 0 0 0 0 F 0 0 0 p
DB tcn C 14 14 14 5.6 0 0 0 0 F 0 0 0 tcn
DB gcn C 15 15 15 4.92 0 0 0 0 F 0 0 0 gcn
DB tv1 V 16 1 2 0.9 0 0 0 0 F 0 0 0 tv1
DB v9 V 17 2 3 8.4656e-06 0 0 0 0 F 0 0 0 via9
DB v8 V 18 3 4 1.10739e-06 0 0 0 0 F 0 0 0 via8
DB v7 V 19 4 5 6.05405e-08 0 0 0 0 F 0 0 0 via7
DB v6 V 20 5 6 1.92192e-08 0 0 0 0 F 0 0 0 via6
DB v5 V 21 6 7 7.3216e-09 0 0 0 0 F 0 0 0 via5
DB v4 V 22 7 8 5.4912e-09 0 0 0 0 F 0 0 0 via4
DB v3 V 23 8 9 5.4912e-09 0 0 0 0 F 0 0 0 via3
DB v2 V 24 9 10 5.4912e-09 0 0 0 0 F 0 0 0 via2
DB v1 V 25 10 11 5.76576e-09 0 0 0 0 F 0 0 0 via1
DB v0 V 26 11 12 6.72672e-09 0 0 0 0 F 0 0 0 via0

OPTION /p/fdk/fdk73/builds/pdk733_r1.7/extraction/starrc/techfiles/p1273_3x1r6.tttt.via_coverage.asic

