1
0
386
381 0 1850 800 3 2 140 140 3000 3000 -1000 -1000 -1000 -1000 -1000 -1000 -1 -1 -1 -1 -1 -1 3 0 0 0.0196651 0.0196651 0.0196651 0.0196651 0 0 0 0 0 0 0 0 0 0 0 0 1
 0 -1 -1000 -1000 -1000 -1000 -1000 -1000 -1 -1 -1 -1 -1 -1 3 0 0 0.0196651 0.0196651 0.0196651 0.0196651 0 0 0 0 0 0 0 0 0 0 0 0
127 0 168 60 6 5 16 -8 0 32 14 26 0 16 -1000 -1000 -1 -1 -1 -1 -1 -1 3 0 0 4.4049 4.4049 4.4049 4.4049 4.52499 4.52499 4.52499 4.52499 5.05713 5.05713 5.05713 5.05713 0 0 0 0 1
 2 -1 14 26 0 16 -1000 -1000 -1 -1 -1 -1 -1 -1 3 0 0 4.4049 4.4049 4.4049 4.4049 4.52499 4.52499 4.52499 4.52499 5.05713 5.05713 5.05713 5.05713 0 0 0 0
382 0 7400 800 3 2 140 140 3000 3000 -1000 -1000 -1000 -1000 -1000 -1000 -1 -1 -1 -1 -1 -1 3 0 0 0.00490829 0.00490829 0.00490829 0.00490829 0 0 0 0 0 0 0 0 0 0 0 0 1
 0 -1 -1000 -1000 -1000 -1000 -1000 -1000 -1 -1 -1 -1 -1 -1 3 0 0 0.00490829 0.00490829 0.00490829 0.00490829 0 0 0 0 0 0 0 0 0 0 0 0
128 0 46 32 10 9 9 -2 0 24 10 20 2 15 -1000 -1000 -1 -1 -1 -1 -1 -1 3 0 0 33.9955 33.9955 33.9955 33.9955 33.9955 33.9955 33.9955 33.9955 33.9955 33.9955 33.9955 33.9955 0 0 0 0 1
 2 -1 10 20 2 15 -1000 -1000 -1 -1 -1 -1 -1 -1 3 0 0 33.9955 33.9955 33.9955 33.9955 33.9955 33.9955 33.9955 33.9955 33.9955 33.9955 33.9955 33.9955 0 0 0 0
383 0 3700 800 3 2 140 140 3000 3000 -1000 -1000 -1000 -1000 -1000 -1000 -1 -1 -1 -1 -1 -1 3 0 0 0.0098 0.0098 0.0098 0.0098 0 0 0 0 0 0 0 0 0 0 0 0 1
 0 -1 -1000 -1000 -1000 -1000 -1000 -1000 -1 -1 -1 -1 -1 -1 3 0 0 0.0098 0.0098 0.0098 0.0098 0 0 0 0 0 0 0 0 0 0 0 0
129 0 46 32 10 9 9 0 0 24 10 20 2 15 -1000 -1000 -1 -1 -1 -1 -1 -1 3 0 0 33.9955 33.9955 33.9955 33.9955 33.9955 33.9955 33.9955 33.9955 33.9955 33.9955 33.9955 33.9955 0 0 0 0 1
 2 -1 10 20 2 15 -1000 -1000 -1 -1 -1 -1 -1 -1 3 0 0 33.9955 33.9955 33.9955 33.9955 33.9955 33.9955 33.9955 33.9955 33.9955 33.9955 33.9955 33.9955 0 0 0 0
2 0 42 28 12 11 14 0 0 14 10 20 4 17 -1000 -1000 -1 -1 -1 -1 -1 -1 3 0 0 51.295 51.295 51.295 51.295 51.295 51.295 51.295 51.295 51.295 51.295 51.295 51.295 0 0 0 0 1
 2 -1 10 20 4 17 -1000 -1000 -1 -1 -1 -1 -1 -1 3 0 0 51.295 51.295 51.295 51.295 51.295 51.295 51.295 51.295 51.295 51.295 51.295 51.295 0 0 0 0
384 0 42 34 12 11 0 0 0 0 0 20 0 17 -1000 -1000 -1 -1 -1 -1 -1 -1 3 0 0 32.1069 32.1069 32.1069 32.1069 32.1069 32.1069 32.1069 32.1069 32.1069 32.1069 32.1069 32.1069 0 0 0 0 2
 2 -1 0 20 0 17 -1000 -1000 -1 -1 -1 -1 -1 -1 3 0 0 32.1069 32.1069 32.1069 32.1069 32.1069 32.1069 32.1069 32.1069 32.1069 32.1069 32.1069 32.1069 0 0 0 0
 3 -1 0 20 0 17 -1000 -1000 -1 -1 -1 -1 -1 -1 3 0 0 32.1069 32.1069 32.1069 32.1069 32.1069 32.1069 32.1069 32.1069 32.1069 32.1069 32.1069 32.1069 0 0 0 0
130 0 46 32 10 9 9 3 0 24 10 20 2 15 -1000 -1000 -1 -1 -1 -1 -1 -1 3 0 0 33.9955 33.9955 33.9955 33.9955 33.9955 33.9955 33.9955 33.9955 33.9955 33.9955 33.9955 33.9955 0 0 0 0 1
 2 -1 10 20 2 15 -1000 -1000 -1 -1 -1 -1 -1 -1 3 0 0 33.9955 33.9955 33.9955 33.9955 33.9955 33.9955 33.9955 33.9955 33.9955 33.9955 33.9955 33.9955 0 0 0 0
385 0 42 80 12 11 0 0 0 0 -1000 -1000 -1000 -1000 -1000 -1000 -1 -1 -1 -1 -1 -1 1 0 1 91.7339 91.7339 91.7339 91.7339 0 0 0 0 0 0 0 0 0 0 0 0 2
 0 -1 -1000 -1000 -1000 -1000 -1000 -1000 -1 -1 -1 -1 -1 -1 1 0 1 91.7339 91.7339 91.7339 91.7339 0 0 0 0 0 0 0 0 0 0 0 0
 2 -1 -1000 -1000 -1000 -1000 -1000 -1000 -1 -1 -1 -1 -1 -1 1 0 1 68.8004 68.8004 68.8004 68.8004 0 0 0 0 0 0 0 0 0 0 0 0
131 0 46 32 10 9 9 4 0 24 10 20 2 15 -1000 -1000 -1 -1 -1 -1 -1 -1 3 0 0 33.9955 33.9955 33.9955 33.9955 33.9955 33.9955 33.9955 33.9955 33.9955 33.9955 33.9955 33.9955 0 0 0 0 1
 2 -1 10 20 2 15 -1000 -1000 -1 -1 -1 -1 -1 -1 3 0 0 33.9955 33.9955 33.9955 33.9955 33.9955 33.9955 33.9955 33.9955 33.9955 33.9955 33.9955 33.9955 0 0 0 0
4 0 42 40 12 11 14 0 0 14 10 20 4 17 -1000 -1000 -1 -1 -1 -1 -1 -1 3 0 0 19.2641 19.2641 19.2641 19.2641 19.2641 19.2641 19.2641 19.2641 19.2641 19.2641 19.2641 19.2641 0 0 0 0 1
 2 -1 10 20 4 17 -1000 -1000 -1 -1 -1 -1 -1 -1 3 0 0 19.2641 19.2641 19.2641 19.2641 19.2641 19.2641 19.2641 19.2641 19.2641 19.2641 19.2641 19.2641 0 0 0 0
386 0 42 54 12 11 0 0 0 0 10 20 4 17 -1000 -1000 -1 -1 -1 -1 -1 -1 3 0 0 12.3488 12.3488 12.3488 12.3488 12.3488 12.3488 12.3488 12.3488 12.3488 12.3488 12.3488 12.3488 0 0 0 0 1
 2 -1 10 20 4 17 -1000 -1000 -1 -1 -1 -1 -1 -1 3 0 0 12.3488 12.3488 12.3488 12.3488 12.3488 12.3488 12.3488 12.3488 12.3488 12.3488 12.3488 12.3488 0 0 0 0
132 0 60 32 10 9 9 0 0 24 10 20 2 15 -1000 -1000 -1 -1 -1 -1 -1 -1 3 0 0 25.1819 25.1819 25.1819 25.1819 25.1819 25.1819 25.1819 25.1819 25.1819 25.1819 25.1819 25.1819 0 0 0 0 1
 2 -1 10 20 2 15 -1000 -1000 -1 -1 -1 -1 -1 -1 3 0 0 25.1819 25.1819 25.1819 25.1819 25.1819 25.1819 25.1819 25.1819 25.1819 25.1819 25.1819 25.1819 0 0 0 0
5 0 36 28 11 10 3 7 24 0 10 20 3 13 -1000 -1000 -1 -1 -1 -1 -1 -1 3 0 0 50.0367 50.0367 50.0367 50.0367 50.0367 50.0367 50.0367 50.0367 50.0367 50.0367 50.0367 50.0367 0 0 0 0 1
 2 -1 10 20 3 13 -1000 -1000 -1 -1 -1 -1 -1 -1 3 0 0 50.0367 50.0367 50.0367 50.0367 50.0367 50.0367 50.0367 50.0367 50.0367 50.0367 50.0367 50.0367 0 0 0 0
133 0 60 32 10 9 9 3 0 24 10 20 2 15 -1000 -1000 -1 -1 -1 -1 -1 -1 3 0 0 25.1819 25.1819 25.1819 25.1819 25.1819 25.1819 25.1819 25.1819 25.1819 25.1819 25.1819 25.1819 0 0 0 0 1
 2 -1 10 20 2 15 -1000 -1000 -1 -1 -1 -1 -1 -1 3 0 0 25.1819 25.1819 25.1819 25.1819 25.1819 25.1819 25.1819 25.1819 25.1819 25.1819 25.1819 25.1819 0 0 0 0
6 0 36 40 11 10 3 7 24 0 10 20 3 13 -1000 -1000 -1 -1 -1 -1 -1 -1 3 0 0 32.3767 32.3767 32.3767 32.3767 32.3767 32.3767 32.3767 32.3767 32.3767 32.3767 32.3767 32.3767 0 0 0 0 1
 2 -1 10 20 3 13 -1000 -1000 -1 -1 -1 -1 -1 -1 3 0 0 32.3767 32.3767 32.3767 32.3767 32.3767 32.3767 32.3767 32.3767 32.3767 32.3767 32.3767 32.3767 0 0 0 0
134 0 68 32 10 9 9 3 0 24 10 20 2 15 -1000 -1000 -1 -1 -1 -1 -1 -1 3 0 0 21.9326 21.9326 21.9326 21.9326 21.9326 21.9326 21.9326 21.9326 21.9326 21.9326 21.9326 21.9326 0 0 0 0 1
 2 -1 10 20 2 15 -1000 -1000 -1 -1 -1 -1 -1 -1 3 0 0 21.9326 21.9326 21.9326 21.9326 21.9326 21.9326 21.9326 21.9326 21.9326 21.9326 21.9326 21.9326 0 0 0 0
7 0 36 74 11 10 3 7 24 0 10 20 3 13 -1000 -1000 -1 -1 -1 -1 -1 -1 3 0 0 16.1883 16.1883 16.1883 16.1883 16.1883 16.1883 16.1883 16.1883 16.1883 16.1883 16.1883 16.1883 0 0 0 0 1
 2 -1 10 20 3 13 -1000 -1000 -1 -1 -1 -1 -1 -1 3 0 0 16.1883 16.1883 16.1883 16.1883 16.1883 16.1883 16.1883 16.1883 16.1883 16.1883 16.1883 16.1883 0 0 0 0
135 0 46 58 10 9 9 0 0 24 8 20 2 15 -1000 -1000 -1 -1 -1 -1 -1 -1 3 0 0 13.4401 13.4401 13.4401 13.4401 13.4401 13.4401 13.4401 13.4401 13.4401 13.4401 13.4401 13.4401 0 0 0 0 1
 2 -1 8 20 2 15 -1000 -1000 -1 -1 -1 -1 -1 -1 3 0 0 13.4401 13.4401 13.4401 13.4401 13.4401 13.4401 13.4401 13.4401 13.4401 13.4401 13.4401 13.4401 0 0 0 0
8 0 42 42 12 11 14 0 0 14 10 20 4 17 -1000 -1000 -1 -1 -1 -1 -1 -1 3 0 0 17.8371 17.8371 17.8371 17.8371 20.6777 20.6777 20.6777 20.6777 20.6777 20.6777 20.6777 20.6777 0 0 0 0 1
 2 -1 10 20 4 17 -1000 -1000 -1 -1 -1 -1 -1 -1 3 0 0 17.8371 17.8371 17.8371 17.8371 20.6777 20.6777 20.6777 20.6777 20.6777 20.6777 20.6777 20.6777 0 0 0 0
136 0 32 28 9 8 14 9 24 0 10 20 2 15 -1000 -1000 -1 -1 -1 -1 -1 -1 3 0 0 61.81 61.81 61.81 61.81 61.81 61.81 61.81 61.81 61.81 61.81 61.81 61.81 0 0 0 0 1
 2 -1 10 20 2 15 -1000 -1000 -1 -1 -1 -1 -1 -1 3 0 0 61.81 61.81 61.81 61.81 61.81 61.81 61.81 61.81 61.81 61.81 61.81 61.81 0 0 0 0
9 0 42 46 12 11 14 0 0 14 10 20 4 17 -1000 -1000 -1 -1 -1 -1 -1 -1 3 0 0 15.5356 15.5356 15.5356 15.5356 15.5356 15.5356 15.5356 15.5356 15.5356 15.5356 15.5356 15.5356 0 0 0 0 1
 2 -1 10 20 4 17 -1000 -1000 -1 -1 -1 -1 -1 -1 3 0 0 15.5356 15.5356 15.5356 15.5356 15.5356 15.5356 15.5356 15.5356 15.5356 15.5356 15.5356 15.5356 0 0 0 0
137 0 32 30 9 8 14 9 24 0 10 20 2 15 -1000 -1000 -1 -1 -1 -1 -1 -1 3 0 0 56.6592 56.6592 56.6592 56.6592 56.6592 56.6592 56.6592 56.6592 56.6592 56.6592 56.6592 56.6592 0 0 0 0 1
 2 -1 10 20 2 15 -1000 -1000 -1 -1 -1 -1 -1 -1 3 0 0 56.6592 56.6592 56.6592 56.6592 56.6592 56.6592 56.6592 56.6592 56.6592 56.6592 56.6592 56.6592 0 0 0 0
10 0 30 32 10 9 9 -2 0 24 10 20 2 15 -1000 -1000 -1 -1 -1 -1 -1 -1 3 0 0 56.6592 56.6592 56.6592 56.6592 56.6592 56.6592 56.6592 56.6592 56.6592 56.6592 56.6592 56.6592 0 0 0 0 1
 2 -1 10 20 2 15 -1000 -1000 -1 -1 -1 -1 -1 -1 3 0 0 56.6592 56.6592 56.6592 56.6592 56.6592 56.6592 56.6592 56.6592 56.6592 56.6592 56.6592 56.6592 0 0 0 0
138 0 32 32 9 8 4 9 24 0 10 20 2 15 -1000 -1000 -1 -1 -1 -1 -1 -1 3 0 0 52.3008 52.3008 52.3008 52.3008 52.3008 52.3008 52.3008 52.3008 52.3008 52.3008 52.3008 52.3008 0 0 0 0 1
 2 -1 10 20 2 15 -1000 -1000 -1 -1 -1 -1 -1 -1 3 0 0 52.3008 52.3008 52.3008 52.3008 52.3008 52.3008 52.3008 52.3008 52.3008 52.3008 52.3008 52.3008 0 0 0 0
11 0 40 32 10 9 9 -2 0 24 10 20 2 15 -1000 -1000 -1 -1 -1 -1 -1 -1 3 0 0 39.9947 39.9947 39.9947 39.9947 39.9947 39.9947 39.9947 39.9947 39.9947 39.9947 39.9947 39.9947 0 0 0 0 1
 2 -1 10 20 2 15 -1000 -1000 -1 -1 -1 -1 -1 -1 3 0 0 39.9947 39.9947 39.9947 39.9947 39.9947 39.9947 39.9947 39.9947 39.9947 39.9947 39.9947 39.9947 0 0 0 0
139 0 32 32 9 8 14 9 24 0 10 20 2 15 -1000 -1000 -1 -1 -1 -1 -1 -1 3 0 0 52.3008 52.3008 52.3008 52.3008 52.3008 52.3008 52.3008 52.3008 52.3008 52.3008 52.3008 52.3008 0 0 0 0 1
 2 -1 10 20 2 15 -1000 -1000 -1 -1 -1 -1 -1 -1 3 0 0 52.3008 52.3008 52.3008 52.3008 52.3008 52.3008 52.3008 52.3008 52.3008 52.3008 52.3008 52.3008 0 0 0 0
12 0 32 30 9 8 -2 9 24 0 10 20 2 15 -1000 -1000 -1 -1 -1 -1 -1 -1 3 0 0 56.6592 56.6592 56.6592 56.6592 56.6592 56.6592 56.6592 56.6592 56.6592 56.6592 56.6592 56.6592 0 0 0 0 1
 2 -1 10 20 2 15 -1000 -1000 -1 -1 -1 -1 -1 -1 3 0 0 56.6592 56.6592 56.6592 56.6592 56.6592 56.6592 56.6592 56.6592 56.6592 56.6592 56.6592 56.6592 0 0 0 0
140 0 32 32 9 8 -1 9 24 0 10 20 2 15 -1000 -1000 -1 -1 -1 -1 -1 -1 3 0 0 52.3008 52.3008 52.3008 52.3008 52.3008 52.3008 52.3008 52.3008 52.3008 52.3008 52.3008 52.3008 0 0 0 0 1
 2 -1 10 20 2 15 -1000 -1000 -1 -1 -1 -1 -1 -1 3 0 0 52.3008 52.3008 52.3008 52.3008 52.3008 52.3008 52.3008 52.3008 52.3008 52.3008 52.3008 52.3008 0 0 0 0
13 0 30 32 8 7 9 -2 0 24 10 20 2 15 -1000 -1000 -1 -1 -1 -1 -1 -1 3 0 0 56.6592 56.6592 56.6592 56.6592 56.6592 56.6592 56.6592 56.6592 56.6592 56.6592 56.6592 56.6592 0 0 0 0 1
 2 -1 10 20 2 15 -1000 -1000 -1 -1 -1 -1 -1 -1 3 0 0 56.6592 56.6592 56.6592 56.6592 56.6592 56.6592 56.6592 56.6592 56.6592 56.6592 56.6592 56.6592 0 0 0 0
141 0 32 40 9 8 -1 9 24 0 10 20 2 15 -1000 -1000 -1 -1 -1 -1 -1 -1 3 0 0 39.9947 39.9947 39.9947 39.9947 39.9947 39.9947 39.9947 39.9947 39.9947 39.9947 39.9947 39.9947 0 0 0 0 1
 2 -1 10 20 2 15 -1000 -1000 -1 -1 -1 -1 -1 -1 3 0 0 39.9947 39.9947 39.9947 39.9947 39.9947 39.9947 39.9947 39.9947 39.9947 39.9947 39.9947 39.9947 0 0 0 0
14 0 40 32 8 7 9 -2 0 24 10 20 2 15 -1000 -1000 -1 -1 -1 -1 -1 -1 3 0 0 39.9947 39.9947 39.9947 39.9947 39.9947 39.9947 39.9947 39.9947 39.9947 39.9947 39.9947 39.9947 0 0 0 0 1
 2 -1 10 20 2 15 -1000 -1000 -1 -1 -1 -1 -1 -1 3 0 0 39.9947 39.9947 39.9947 39.9947 39.9947 39.9947 39.9947 39.9947 39.9947 39.9947 39.9947 39.9947 0 0 0 0
142 0 32 40 9 8 0 9 24 0 10 20 2 15 -1000 -1000 -1 -1 -1 -1 -1 -1 3 0 0 39.9947 39.9947 39.9947 39.9947 39.9947 39.9947 39.9947 39.9947 39.9947 39.9947 39.9947 39.9947 0 0 0 0 1
 2 -1 10 20 2 15 -1000 -1000 -1 -1 -1 -1 -1 -1 3 0 0 39.9947 39.9947 39.9947 39.9947 39.9947 39.9947 39.9947 39.9947 39.9947 39.9947 39.9947 39.9947 0 0 0 0
15 0 440 440 4 3 130 130 50 130 80 80 80 80 -1000 -1000 -1 -1 -1 -1 -1 -1 3 0 0 0.152008 0.152008 0.152008 0.152008 0.152008 0.152008 0.152008 0.152008 0.152008 0.152008 0.152008 0.152008 0 0 0 0 1
 0 -1 80 80 80 80 -1000 -1000 -1 -1 -1 -1 -1 -1 3 0 0 0.152008 0.152008 0.152008 0.152008 0.152008 0.152008 0.152008 0.152008 0.152008 0.152008 0.152008 0.152008 0 0 0 0
143 0 32 40 9 8 4 9 24 0 10 20 2 15 -1000 -1000 -1 -1 -1 -1 -1 -1 3 0 0 39.9947 39.9947 39.9947 39.9947 39.9947 39.9947 39.9947 39.9947 39.9947 39.9947 39.9947 39.9947 0 0 0 0 1
 2 -1 10 20 2 15 -1000 -1000 -1 -1 -1 -1 -1 -1 3 0 0 39.9947 39.9947 39.9947 39.9947 39.9947 39.9947 39.9947 39.9947 39.9947 39.9947 39.9947 39.9947 0 0 0 0
144 0 32 40 9 8 14 9 24 0 10 20 2 15 -1000 -1000 -1 -1 -1 -1 -1 -1 3 0 0 39.9947 39.9947 39.9947 39.9947 39.9947 39.9947 39.9947 39.9947 39.9947 39.9947 39.9947 39.9947 0 0 0 0 1
 2 -1 10 20 2 15 -1000 -1000 -1 -1 -1 -1 -1 -1 3 0 0 39.9947 39.9947 39.9947 39.9947 39.9947 39.9947 39.9947 39.9947 39.9947 39.9947 39.9947 39.9947 0 0 0 0
17 0 880 440 4 3 80 80 50 130 80 80 80 80 -1000 -1000 -1 -1 -1 -1 -1 -1 3 0 0 0.0890801 0.0890801 0.0890801 0.0890801 0.0890801 0.0890801 0.0890801 0.0890801 0.0890801 0.0890801 0.0890801 0.0890801 0 0 0 0 1
 0 -1 80 80 80 80 -1000 -1000 -1 -1 -1 -1 -1 -1 3 0 0 0.0890801 0.0890801 0.0890801 0.0890801 0.0890801 0.0890801 0.0890801 0.0890801 0.0890801 0.0890801 0.0890801 0.0890801 0 0 0 0
145 0 32 40 9 8 18 9 24 0 10 20 2 15 -1000 -1000 -1 -1 -1 -1 -1 -1 3 0 0 39.9947 39.9947 39.9947 39.9947 39.9947 39.9947 39.9947 39.9947 39.9947 39.9947 39.9947 39.9947 0 0 0 0 1
 2 -1 10 20 2 15 -1000 -1000 -1 -1 -1 -1 -1 -1 3 0 0 39.9947 39.9947 39.9947 39.9947 39.9947 39.9947 39.9947 39.9947 39.9947 39.9947 39.9947 39.9947 0 0 0 0
18 0 28 32 10 9 9 -2 0 24 10 20 2 15 -1000 -1000 -1 -1 -1 -1 -1 -1 3 0 0 61.81 61.81 61.81 61.81 61.81 61.81 61.81 61.81 61.81 61.81 61.81 61.81 0 0 0 0 1
 2 -1 10 20 2 15 -1000 -1000 -1 -1 -1 -1 -1 -1 3 0 0 61.81 61.81 61.81 61.81 61.81 61.81 61.81 61.81 61.81 61.81 61.81 61.81 0 0 0 0
273 0 42 28 12 11 19 0 0 14 10 20 4 17 -1000 -1000 -1 -1 -1 -1 -1 -1 3 0 0 51.295 51.295 51.295 51.295 51.295 51.295 51.295 51.295 51.295 51.295 51.295 51.295 0 0 0 0 1
 2 -1 10 20 4 17 -1000 -1000 -1 -1 -1 -1 -1 -1 3 0 0 51.295 51.295 51.295 51.295 51.295 51.295 51.295 51.295 51.295 51.295 51.295 51.295 0 0 0 0
146 0 32 46 9 8 -1 9 24 0 10 20 2 15 -1000 -1000 -1 -1 -1 -1 -1 -1 3 0 0 33.9955 33.9955 33.9955 33.9955 33.9955 33.9955 33.9955 33.9955 33.9955 33.9955 33.9955 33.9955 0 0 0 0 1
 2 -1 10 20 2 15 -1000 -1000 -1 -1 -1 -1 -1 -1 3 0 0 33.9955 33.9955 33.9955 33.9955 33.9955 33.9955 33.9955 33.9955 33.9955 33.9955 33.9955 33.9955 0 0 0 0
19 0 68 32 10 9 9 4 0 24 10 20 2 15 -1000 -1000 -1 -1 -1 -1 -1 -1 3 0 0 21.9326 21.9326 21.9326 21.9326 21.9326 21.9326 21.9326 21.9326 21.9326 21.9326 21.9326 21.9326 0 0 0 0 1
 2 -1 10 20 2 15 -1000 -1000 -1 -1 -1 -1 -1 -1 3 0 0 21.9326 21.9326 21.9326 21.9326 21.9326 21.9326 21.9326 21.9326 21.9326 21.9326 21.9326 21.9326 0 0 0 0
274 0 42 28 12 11 14 0 0 19 10 20 4 17 -1000 -1000 -1 -1 -1 -1 -1 -1 3 0 0 51.295 51.295 51.295 51.295 51.295 51.295 51.295 51.295 51.295 51.295 51.295 51.295 0 0 0 0 1
 2 -1 10 20 4 17 -1000 -1000 -1 -1 -1 -1 -1 -1 3 0 0 51.295 51.295 51.295 51.295 51.295 51.295 51.295 51.295 51.295 51.295 51.295 51.295 0 0 0 0
147 0 32 46 9 8 0 9 24 0 10 20 2 15 -1000 -1000 -1 -1 -1 -1 -1 -1 3 0 0 33.9955 33.9955 33.9955 33.9955 33.9955 33.9955 33.9955 33.9955 33.9955 33.9955 33.9955 33.9955 0 0 0 0 1
 2 -1 10 20 2 15 -1000 -1000 -1 -1 -1 -1 -1 -1 3 0 0 33.9955 33.9955 33.9955 33.9955 33.9955 33.9955 33.9955 33.9955 33.9955 33.9955 33.9955 33.9955 0 0 0 0
20 0 68 32 10 9 9 21 0 24 10 20 2 15 -1000 -1000 -1 -1 -1 -1 -1 -1 3 0 0 21.9326 21.9326 21.9326 21.9326 21.9326 21.9326 21.9326 21.9326 21.9326 21.9326 21.9326 21.9326 0 0 0 0 1
 2 -1 10 20 2 15 -1000 -1000 -1 -1 -1 -1 -1 -1 3 0 0 21.9326 21.9326 21.9326 21.9326 21.9326 21.9326 21.9326 21.9326 21.9326 21.9326 21.9326 21.9326 0 0 0 0
275 0 42 28 12 11 19 0 0 19 10 20 4 17 -1000 -1000 -1 -1 -1 -1 -1 -1 3 0 0 51.295 51.295 51.295 51.295 51.295 51.295 51.295 51.295 51.295 51.295 51.295 51.295 0 0 0 0 1
 2 -1 10 20 4 17 -1000 -1000 -1 -1 -1 -1 -1 -1 3 0 0 51.295 51.295 51.295 51.295 51.295 51.295 51.295 51.295 51.295 51.295 51.295 51.295 0 0 0 0
148 0 32 46 9 8 4 9 24 0 10 20 2 15 -1000 -1000 -1 -1 -1 -1 -1 -1 3 0 0 33.9955 33.9955 33.9955 33.9955 33.9955 33.9955 33.9955 33.9955 33.9955 33.9955 33.9955 33.9955 0 0 0 0 1
 2 -1 10 20 2 15 -1000 -1000 -1 -1 -1 -1 -1 -1 3 0 0 33.9955 33.9955 33.9955 33.9955 33.9955 33.9955 33.9955 33.9955 33.9955 33.9955 33.9955 33.9955 0 0 0 0
21 0 800 1850 3 2 140 140 3000 3000 -1000 -1000 -1000 -1000 -1000 -1000 -1 -1 -1 -1 -1 -1 3 0 0 0.0196651 0.0196651 0.0196651 0.0196651 0 0 0 0 0 0 0 0 0 0 0 0 1
 0 -1 -1000 -1000 -1000 -1000 -1000 -1000 -1 -1 -1 -1 -1 -1 3 0 0 0.0196651 0.0196651 0.0196651 0.0196651 0 0 0 0 0 0 0 0 0 0 0 0
276 0 36 28 11 10 3 12 24 0 10 20 3 13 -1000 -1000 -1 -1 -1 -1 -1 -1 3 0 0 50.0367 50.0367 50.0367 50.0367 50.0367 50.0367 50.0367 50.0367 50.0367 50.0367 50.0367 50.0367 0 0 0 0 1
 2 -1 10 20 3 13 -1000 -1000 -1 -1 -1 -1 -1 -1 3 0 0 50.0367 50.0367 50.0367 50.0367 50.0367 50.0367 50.0367 50.0367 50.0367 50.0367 50.0367 50.0367 0 0 0 0
149 0 32 46 9 8 14 9 24 0 10 20 2 15 -1000 -1000 -1 -1 -1 -1 -1 -1 3 0 0 33.9955 33.9955 33.9955 33.9955 33.9955 33.9955 33.9955 33.9955 33.9955 33.9955 33.9955 33.9955 0 0 0 0 1
 2 -1 10 20 2 15 -1000 -1000 -1 -1 -1 -1 -1 -1 3 0 0 33.9955 33.9955 33.9955 33.9955 33.9955 33.9955 33.9955 33.9955 33.9955 33.9955 33.9955 33.9955 0 0 0 0
22 0 800 7400 3 2 140 140 3000 3000 -1000 -1000 -1000 -1000 -1000 -1000 -1 -1 -1 -1 -1 -1 3 0 0 0.00490829 0.00490829 0.00490829 0.00490829 0 0 0 0 0 0 0 0 0 0 0 0 1
 0 -1 -1000 -1000 -1000 -1000 -1000 -1000 -1 -1 -1 -1 -1 -1 3 0 0 0.00490829 0.00490829 0.00490829 0.00490829 0 0 0 0 0 0 0 0 0 0 0 0
277 0 36 28 11 10 3 7 29 0 10 20 3 13 -1000 -1000 -1 -1 -1 -1 -1 -1 3 0 0 50.0367 50.0367 50.0367 50.0367 50.0367 50.0367 50.0367 50.0367 50.0367 50.0367 50.0367 50.0367 0 0 0 0 1
 2 -1 10 20 3 13 -1000 -1000 -1 -1 -1 -1 -1 -1 3 0 0 50.0367 50.0367 50.0367 50.0367 50.0367 50.0367 50.0367 50.0367 50.0367 50.0367 50.0367 50.0367 0 0 0 0
150 0 32 60 9 8 -2 9 24 0 10 20 2 15 -1000 -1000 -1 -1 -1 -1 -1 -1 3 0 0 25.1819 25.1819 25.1819 25.1819 25.1819 25.1819 25.1819 25.1819 25.1819 25.1819 25.1819 25.1819 0 0 0 0 1
 2 -1 10 20 2 15 -1000 -1000 -1 -1 -1 -1 -1 -1 3 0 0 25.1819 25.1819 25.1819 25.1819 25.1819 25.1819 25.1819 25.1819 25.1819 25.1819 25.1819 25.1819 0 0 0 0
23 0 800 3700 3 2 140 140 3000 3000 -1000 -1000 -1000 -1000 -1000 -1000 -1 -1 -1 -1 -1 -1 3 0 0 0.0098 0.0098 0.0098 0.0098 0 0 0 0 0 0 0 0 0 0 0 0 1
 0 -1 -1000 -1000 -1000 -1000 -1000 -1000 -1 -1 -1 -1 -1 -1 3 0 0 0.0098 0.0098 0.0098 0.0098 0 0 0 0 0 0 0 0 0 0 0 0
278 0 36 28 11 10 3 12 29 0 10 20 3 13 -1000 -1000 -1 -1 -1 -1 -1 -1 3 0 0 50.0367 50.0367 50.0367 50.0367 50.0367 50.0367 50.0367 50.0367 50.0367 50.0367 50.0367 50.0367 0 0 0 0 1
 2 -1 10 20 3 13 -1000 -1000 -1 -1 -1 -1 -1 -1 3 0 0 50.0367 50.0367 50.0367 50.0367 50.0367 50.0367 50.0367 50.0367 50.0367 50.0367 50.0367 50.0367 0 0 0 0
151 0 32 60 9 8 -1 9 24 0 10 20 2 15 -1000 -1000 -1 -1 -1 -1 -1 -1 3 0 0 25.1819 25.1819 25.1819 25.1819 25.1819 25.1819 25.1819 25.1819 25.1819 25.1819 25.1819 25.1819 0 0 0 0 1
 2 -1 10 20 2 15 -1000 -1000 -1 -1 -1 -1 -1 -1 3 0 0 25.1819 25.1819 25.1819 25.1819 25.1819 25.1819 25.1819 25.1819 25.1819 25.1819 25.1819 25.1819 0 0 0 0
24 0 76 32 10 9 9 -2 0 24 10 20 2 15 -1000 -1000 -1 -1 -1 -1 -1 -1 3 0 0 19.426 19.426 19.426 19.426 19.426 19.426 19.426 19.426 19.426 19.426 19.426 19.426 0 0 0 0 1
 2 -1 10 20 2 15 -1000 -1000 -1 -1 -1 -1 -1 -1 3 0 0 19.426 19.426 19.426 19.426 19.426 19.426 19.426 19.426 19.426 19.426 19.426 19.426 0 0 0 0
279 0 28 32 10 9 14 -2 0 24 10 20 2 15 -1000 -1000 -1 -1 -1 -1 -1 -1 3 0 0 61.81 61.81 61.81 61.81 61.81 61.81 61.81 61.81 61.81 61.81 61.81 61.81 0 0 0 0 1
 2 -1 10 20 2 15 -1000 -1000 -1 -1 -1 -1 -1 -1 3 0 0 61.81 61.81 61.81 61.81 61.81 61.81 61.81 61.81 61.81 61.81 61.81 61.81 0 0 0 0
152 0 32 60 9 8 0 9 24 0 10 20 2 15 -1000 -1000 -1 -1 -1 -1 -1 -1 3 0 0 25.1819 25.1819 25.1819 25.1819 25.1819 25.1819 25.1819 25.1819 25.1819 25.1819 25.1819 25.1819 0 0 0 0 1
 2 -1 10 20 2 15 -1000 -1000 -1 -1 -1 -1 -1 -1 3 0 0 25.1819 25.1819 25.1819 25.1819 25.1819 25.1819 25.1819 25.1819 25.1819 25.1819 25.1819 25.1819 0 0 0 0
25 0 32 28 9 8 -2 9 24 0 10 20 2 15 -1000 -1000 -1 -1 -1 -1 -1 -1 3 0 0 61.81 61.81 61.81 61.81 61.81 61.81 61.81 61.81 61.81 61.81 61.81 61.81 0 0 0 0 1
 2 -1 10 20 2 15 -1000 -1000 -1 -1 -1 -1 -1 -1 3 0 0 61.81 61.81 61.81 61.81 61.81 61.81 61.81 61.81 61.81 61.81 61.81 61.81 0 0 0 0
280 0 28 32 10 9 9 -2 0 29 10 20 2 15 -1000 -1000 -1 -1 -1 -1 -1 -1 3 0 0 61.81 61.81 61.81 61.81 61.81 61.81 61.81 61.81 61.81 61.81 61.81 61.81 0 0 0 0 1
 2 -1 10 20 2 15 -1000 -1000 -1 -1 -1 -1 -1 -1 3 0 0 61.81 61.81 61.81 61.81 61.81 61.81 61.81 61.81 61.81 61.81 61.81 61.81 0 0 0 0
153 0 32 60 9 8 4 9 24 0 10 20 2 15 -1000 -1000 -1 -1 -1 -1 -1 -1 3 0 0 25.1819 25.1819 25.1819 25.1819 25.1819 25.1819 25.1819 25.1819 25.1819 25.1819 25.1819 25.1819 0 0 0 0 1
 2 -1 10 20 2 15 -1000 -1000 -1 -1 -1 -1 -1 -1 3 0 0 25.1819 25.1819 25.1819 25.1819 25.1819 25.1819 25.1819 25.1819 25.1819 25.1819 25.1819 25.1819 0 0 0 0
26 0 32 40 9 8 -2 9 24 0 10 20 2 15 -1000 -1000 -1 -1 -1 -1 -1 -1 3 0 0 39.9947 39.9947 39.9947 39.9947 39.9947 39.9947 39.9947 39.9947 39.9947 39.9947 39.9947 39.9947 0 0 0 0 1
 2 -1 10 20 2 15 -1000 -1000 -1 -1 -1 -1 -1 -1 3 0 0 39.9947 39.9947 39.9947 39.9947 39.9947 39.9947 39.9947 39.9947 39.9947 39.9947 39.9947 39.9947 0 0 0 0
281 0 28 32 10 9 14 -2 0 29 10 20 2 15 -1000 -1000 -1 -1 -1 -1 -1 -1 3 0 0 61.81 61.81 61.81 61.81 61.81 61.81 61.81 61.81 61.81 61.81 61.81 61.81 0 0 0 0 1
 2 -1 10 20 2 15 -1000 -1000 -1 -1 -1 -1 -1 -1 3 0 0 61.81 61.81 61.81 61.81 61.81 61.81 61.81 61.81 61.81 61.81 61.81 61.81 0 0 0 0
154 0 44 60 9 8 8 9 24 0 10 20 1 15 -1000 -1000 -1 -1 -1 -1 -1 -1 3 0 0 14.7618 14.7618 14.7618 14.7618 14.7618 14.7618 14.7618 14.7618 14.7618 14.7618 14.7618 14.7618 0 0 0 0 1
 2 -1 10 20 1 15 -1000 -1000 -1 -1 -1 -1 -1 -1 3 0 0 14.7618 14.7618 14.7618 14.7618 14.7618 14.7618 14.7618 14.7618 14.7618 14.7618 14.7618 14.7618 0 0 0 0
27 0 44 60 9 8 12 9 24 0 10 20 1 15 -1000 -1000 -1 -1 -1 -1 -1 -1 3 0 0 14.7618 14.7618 14.7618 14.7618 14.7618 14.7618 14.7618 14.7618 14.7618 14.7618 14.7618 14.7618 0 0 0 0 1
 2 -1 10 20 1 15 -1000 -1000 -1 -1 -1 -1 -1 -1 3 0 0 14.7618 14.7618 14.7618 14.7618 14.7618 14.7618 14.7618 14.7618 14.7618 14.7618 14.7618 14.7618 0 0 0 0
282 0 32 32 10 9 14 -2 0 24 10 20 2 15 -1000 -1000 -1 -1 -1 -1 -1 -1 3 0 0 52.3008 52.3008 52.3008 52.3008 52.3008 52.3008 52.3008 52.3008 52.3008 52.3008 52.3008 52.3008 0 0 0 0 1
 2 -1 10 20 2 15 -1000 -1000 -1 -1 -1 -1 -1 -1 3 0 0 52.3008 52.3008 52.3008 52.3008 52.3008 52.3008 52.3008 52.3008 52.3008 52.3008 52.3008 52.3008 0 0 0 0
155 0 32 66 9 8 -1 9 24 0 10 20 2 15 -1000 -1000 -1 -1 -1 -1 -1 -1 3 0 0 22.6637 22.6637 22.6637 22.6637 22.6637 22.6637 22.6637 22.6637 22.6637 22.6637 22.6637 22.6637 0 0 0 0 1
 2 -1 10 20 2 15 -1000 -1000 -1 -1 -1 -1 -1 -1 3 0 0 22.6637 22.6637 22.6637 22.6637 22.6637 22.6637 22.6637 22.6637 22.6637 22.6637 22.6637 22.6637 0 0 0 0
28 0 40 66 9 8 14 9 24 0 10 20 3 15 -1000 -1000 -1 -1 -1 -1 -1 -1 3 0 0 15.4113 15.4113 15.4113 15.4113 15.4113 15.4113 15.4113 15.4113 15.4113 15.4113 15.4113 15.4113 0 0 0 0 1
 2 -1 10 20 3 15 -1000 -1000 -1 -1 -1 -1 -1 -1 3 0 0 15.4113 15.4113 15.4113 15.4113 15.4113 15.4113 15.4113 15.4113 15.4113 15.4113 15.4113 15.4113 0 0 0 0
283 0 32 32 10 9 9 -2 0 29 10 20 2 15 -1000 -1000 -1 -1 -1 -1 -1 -1 3 0 0 52.3008 52.3008 52.3008 52.3008 52.3008 52.3008 52.3008 52.3008 52.3008 52.3008 52.3008 52.3008 0 0 0 0 1
 2 -1 10 20 2 15 -1000 -1000 -1 -1 -1 -1 -1 -1 3 0 0 52.3008 52.3008 52.3008 52.3008 52.3008 52.3008 52.3008 52.3008 52.3008 52.3008 52.3008 52.3008 0 0 0 0
156 0 32 66 9 8 0 9 24 0 10 20 2 15 -1000 -1000 -1 -1 -1 -1 -1 -1 3 0 0 22.6637 22.6637 22.6637 22.6637 22.6637 22.6637 22.6637 22.6637 22.6637 22.6637 22.6637 22.6637 0 0 0 0 1
 2 -1 10 20 2 15 -1000 -1000 -1 -1 -1 -1 -1 -1 3 0 0 22.6637 22.6637 22.6637 22.6637 22.6637 22.6637 22.6637 22.6637 22.6637 22.6637 22.6637 22.6637 0 0 0 0
29 0 38 74 9 8 15 9 24 0 10 20 0 15 -1000 -1000 -1 -1 -1 -1 -1 -1 3 0 0 14.7807 14.7807 14.7807 14.7807 14.7807 14.7807 14.7807 14.7807 14.7807 14.7807 14.7807 14.7807 0 0 0 0 1
 2 -1 10 20 0 15 -1000 -1000 -1 -1 -1 -1 -1 -1 3 0 0 14.7807 14.7807 14.7807 14.7807 14.7807 14.7807 14.7807 14.7807 14.7807 14.7807 14.7807 14.7807 0 0 0 0
284 0 32 32 10 9 14 -2 0 29 10 20 2 15 -1000 -1000 -1 -1 -1 -1 -1 -1 3 0 0 52.3008 52.3008 52.3008 52.3008 52.3008 52.3008 52.3008 52.3008 52.3008 52.3008 52.3008 52.3008 0 0 0 0 1
 2 -1 10 20 2 15 -1000 -1000 -1 -1 -1 -1 -1 -1 3 0 0 52.3008 52.3008 52.3008 52.3008 52.3008 52.3008 52.3008 52.3008 52.3008 52.3008 52.3008 52.3008 0 0 0 0
157 0 32 66 9 8 4 9 24 0 10 20 2 15 -1000 -1000 -1 -1 -1 -1 -1 -1 3 0 0 22.6637 22.6637 22.6637 22.6637 22.6637 22.6637 22.6637 22.6637 22.6637 22.6637 22.6637 22.6637 0 0 0 0 1
 2 -1 10 20 2 15 -1000 -1000 -1 -1 -1 -1 -1 -1 3 0 0 22.6637 22.6637 22.6637 22.6637 22.6637 22.6637 22.6637 22.6637 22.6637 22.6637 22.6637 22.6637 0 0 0 0
30 0 28 32 8 7 9 -2 0 24 10 20 2 15 -1000 -1000 -1 -1 -1 -1 -1 -1 3 0 0 61.81 61.81 61.81 61.81 61.81 61.81 61.81 61.81 61.81 61.81 61.81 61.81 0 0 0 0 1
 2 -1 10 20 2 15 -1000 -1000 -1 -1 -1 -1 -1 -1 3 0 0 61.81 61.81 61.81 61.81 61.81 61.81 61.81 61.81 61.81 61.81 61.81 61.81 0 0 0 0
285 0 32 32 9 8 0 14 24 0 10 20 2 15 -1000 -1000 -1 -1 -1 -1 -1 -1 3 0 0 52.3008 52.3008 52.3008 52.3008 52.3008 52.3008 52.3008 52.3008 52.3008 52.3008 52.3008 52.3008 0 0 0 0 1
 2 -1 10 20 2 15 -1000 -1000 -1 -1 -1 -1 -1 -1 3 0 0 52.3008 52.3008 52.3008 52.3008 52.3008 52.3008 52.3008 52.3008 52.3008 52.3008 52.3008 52.3008 0 0 0 0
158 0 38 74 9 8 11 9 24 0 10 20 0 15 -1000 -1000 -1 -1 -1 -1 -1 -1 3 0 0 14.7807 14.7807 14.7807 14.7807 14.7807 14.7807 14.7807 14.7807 14.7807 14.7807 14.7807 14.7807 0 0 0 0 1
 2 -1 10 20 0 15 -1000 -1000 -1 -1 -1 -1 -1 -1 3 0 0 14.7807 14.7807 14.7807 14.7807 14.7807 14.7807 14.7807 14.7807 14.7807 14.7807 14.7807 14.7807 0 0 0 0
31 0 68 32 8 7 9 4 0 24 10 20 2 15 -1000 -1000 -1 -1 -1 -1 -1 -1 3 0 0 21.9326 21.9326 21.9326 21.9326 21.9326 21.9326 21.9326 21.9326 21.9326 21.9326 21.9326 21.9326 0 0 0 0 1
 2 -1 10 20 2 15 -1000 -1000 -1 -1 -1 -1 -1 -1 3 0 0 21.9326 21.9326 21.9326 21.9326 21.9326 21.9326 21.9326 21.9326 21.9326 21.9326 21.9326 21.9326 0 0 0 0
286 0 32 32 9 8 0 9 29 0 10 20 2 15 -1000 -1000 -1 -1 -1 -1 -1 -1 3 0 0 52.3008 52.3008 52.3008 52.3008 52.3008 52.3008 52.3008 52.3008 52.3008 52.3008 52.3008 52.3008 0 0 0 0 1
 2 -1 10 20 2 15 -1000 -1000 -1 -1 -1 -1 -1 -1 3 0 0 52.3008 52.3008 52.3008 52.3008 52.3008 52.3008 52.3008 52.3008 52.3008 52.3008 52.3008 52.3008 0 0 0 0
159 0 36 40 11 10 3 17 24 0 10 20 3 13 -1000 -1000 -1 -1 -1 -1 -1 -1 3 0 0 32.3767 32.3767 32.3767 32.3767 32.3767 32.3767 32.3767 32.3767 32.3767 32.3767 32.3767 32.3767 0 0 0 0 1
 2 -1 10 20 3 13 -1000 -1000 -1 -1 -1 -1 -1 -1 3 0 0 32.3767 32.3767 32.3767 32.3767 32.3767 32.3767 32.3767 32.3767 32.3767 32.3767 32.3767 32.3767 0 0 0 0
32 0 68 32 8 7 9 14 0 24 10 20 2 15 -1000 -1000 -1 -1 -1 -1 -1 -1 3 0 0 21.9326 21.9326 21.9326 21.9326 21.9326 21.9326 21.9326 21.9326 21.9326 21.9326 21.9326 21.9326 0 0 0 0 1
 2 -1 10 20 2 15 -1000 -1000 -1 -1 -1 -1 -1 -1 3 0 0 21.9326 21.9326 21.9326 21.9326 21.9326 21.9326 21.9326 21.9326 21.9326 21.9326 21.9326 21.9326 0 0 0 0
287 0 32 32 9 8 0 14 29 0 10 20 2 15 -1000 -1000 -1 -1 -1 -1 -1 -1 3 0 0 52.3008 52.3008 52.3008 52.3008 52.3008 52.3008 52.3008 52.3008 52.3008 52.3008 52.3008 52.3008 0 0 0 0 1
 2 -1 10 20 2 15 -1000 -1000 -1 -1 -1 -1 -1 -1 3 0 0 52.3008 52.3008 52.3008 52.3008 52.3008 52.3008 52.3008 52.3008 52.3008 52.3008 52.3008 52.3008 0 0 0 0
160 0 38 74 9 8 19 9 24 0 10 20 0 15 -1000 -1000 -1 -1 -1 -1 -1 -1 3 0 0 14.7807 14.7807 14.7807 14.7807 14.7807 14.7807 14.7807 14.7807 14.7807 14.7807 14.7807 14.7807 0 0 0 0 1
 2 -1 10 20 0 15 -1000 -1000 -1 -1 -1 -1 -1 -1 3 0 0 14.7807 14.7807 14.7807 14.7807 14.7807 14.7807 14.7807 14.7807 14.7807 14.7807 14.7807 14.7807 0 0 0 0
33 0 68 32 8 7 9 17 0 24 10 20 2 15 -1000 -1000 -1 -1 -1 -1 -1 -1 3 0 0 21.9326 21.9326 21.9326 21.9326 21.9326 21.9326 21.9326 21.9326 21.9326 21.9326 21.9326 21.9326 0 0 0 0 1
 2 -1 10 20 2 15 -1000 -1000 -1 -1 -1 -1 -1 -1 3 0 0 21.9326 21.9326 21.9326 21.9326 21.9326 21.9326 21.9326 21.9326 21.9326 21.9326 21.9326 21.9326 0 0 0 0
288 0 32 32 9 8 -2 12 24 0 10 20 2 15 -1000 -1000 -1 -1 -1 -1 -1 -1 3 0 0 52.3008 52.3008 52.3008 52.3008 52.3008 52.3008 52.3008 52.3008 52.3008 52.3008 52.3008 52.3008 0 0 0 0 1
 2 -1 10 20 2 15 -1000 -1000 -1 -1 -1 -1 -1 -1 3 0 0 52.3008 52.3008 52.3008 52.3008 52.3008 52.3008 52.3008 52.3008 52.3008 52.3008 52.3008 52.3008 0 0 0 0
161 0 40 66 9 8 10 9 24 0 10 20 3 15 -1000 -1000 -1 -1 -1 -1 -1 -1 3 0 0 15.4113 15.4113 15.4113 15.4113 15.4113 15.4113 15.4113 15.4113 15.4113 15.4113 15.4113 15.4113 0 0 0 0 1
 2 -1 10 20 3 15 -1000 -1000 -1 -1 -1 -1 -1 -1 3 0 0 15.4113 15.4113 15.4113 15.4113 15.4113 15.4113 15.4113 15.4113 15.4113 15.4113 15.4113 15.4113 0 0 0 0
34 0 68 32 8 7 9 21 0 24 10 20 2 15 -1000 -1000 -1 -1 -1 -1 -1 -1 3 0 0 21.9326 21.9326 21.9326 21.9326 21.9326 21.9326 21.9326 21.9326 21.9326 21.9326 21.9326 21.9326 0 0 0 0 1
 2 -1 10 20 2 15 -1000 -1000 -1 -1 -1 -1 -1 -1 3 0 0 21.9326 21.9326 21.9326 21.9326 21.9326 21.9326 21.9326 21.9326 21.9326 21.9326 21.9326 21.9326 0 0 0 0
289 0 32 32 9 8 -2 9 29 0 10 20 2 15 -1000 -1000 -1 -1 -1 -1 -1 -1 3 0 0 52.3008 52.3008 52.3008 52.3008 52.3008 52.3008 52.3008 52.3008 52.3008 52.3008 52.3008 52.3008 0 0 0 0 1
 2 -1 10 20 2 15 -1000 -1000 -1 -1 -1 -1 -1 -1 3 0 0 52.3008 52.3008 52.3008 52.3008 52.3008 52.3008 52.3008 52.3008 52.3008 52.3008 52.3008 52.3008 0 0 0 0
162 0 40 66 9 8 18 9 24 0 10 20 3 15 -1000 -1000 -1 -1 -1 -1 -1 -1 3 0 0 15.4113 15.4113 15.4113 15.4113 15.4113 15.4113 15.4113 15.4113 15.4113 15.4113 15.4113 15.4113 0 0 0 0 1
 2 -1 10 20 3 15 -1000 -1000 -1 -1 -1 -1 -1 -1 3 0 0 15.4113 15.4113 15.4113 15.4113 15.4113 15.4113 15.4113 15.4113 15.4113 15.4113 15.4113 15.4113 0 0 0 0
35 0 52 46 9 8 -2 9 24 0 10 20 2 15 -1000 -1000 -1 -1 -1 -1 -1 -1 3 0 0 15.6195 15.6195 15.6195 15.6195 15.6195 15.6195 15.6195 15.6195 15.6195 15.6195 15.6195 15.6195 0 0 0 0 1
 2 -1 10 20 2 15 -1000 -1000 -1 -1 -1 -1 -1 -1 3 0 0 15.6195 15.6195 15.6195 15.6195 15.6195 15.6195 15.6195 15.6195 15.6195 15.6195 15.6195 15.6195 0 0 0 0
290 0 32 32 9 8 -2 12 29 0 10 20 2 15 -1000 -1000 -1 -1 -1 -1 -1 -1 3 0 0 52.3008 52.3008 52.3008 52.3008 52.3008 52.3008 52.3008 52.3008 52.3008 52.3008 52.3008 52.3008 0 0 0 0 1
 2 -1 10 20 2 15 -1000 -1000 -1 -1 -1 -1 -1 -1 3 0 0 52.3008 52.3008 52.3008 52.3008 52.3008 52.3008 52.3008 52.3008 52.3008 52.3008 52.3008 52.3008 0 0 0 0
163 0 32 76 9 8 -1 9 24 0 10 20 2 15 -1000 -1000 -1 -1 -1 -1 -1 -1 3 0 0 19.426 19.426 19.426 19.426 19.426 19.426 19.426 19.426 19.426 19.426 19.426 19.426 0 0 0 0 1
 2 -1 10 20 2 15 -1000 -1000 -1 -1 -1 -1 -1 -1 3 0 0 19.426 19.426 19.426 19.426 19.426 19.426 19.426 19.426 19.426 19.426 19.426 19.426 0 0 0 0
36 0 32 40 7 6 -2 12 22 0 6 20 2 16 -1000 -1000 -1 -1 -1 -1 -1 -1 3 0 0 67.7254 67.7254 67.7254 67.7254 67.7254 67.7254 67.7254 67.7254 67.7254 67.7254 67.7254 67.7254 0 0 0 0 1
 2 -1 6 20 2 16 -1000 -1000 -1 -1 -1 -1 -1 -1 3 0 0 67.7254 67.7254 67.7254 67.7254 67.7254 67.7254 67.7254 67.7254 67.7254 67.7254 67.7254 67.7254 0 0 0 0
291 0 28 32 8 7 14 0 0 24 10 20 2 15 -1000 -1000 -1 -1 -1 -1 -1 -1 3 0 0 61.81 61.81 61.81 61.81 61.81 61.81 61.81 61.81 61.81 61.81 61.81 61.81 0 0 0 0 1
 2 -1 10 20 2 15 -1000 -1000 -1 -1 -1 -1 -1 -1 3 0 0 61.81 61.81 61.81 61.81 61.81 61.81 61.81 61.81 61.81 61.81 61.81 61.81 0 0 0 0
164 0 32 76 9 8 4 9 24 0 10 20 2 15 -1000 -1000 -1 -1 -1 -1 -1 -1 3 0 0 19.426 19.426 19.426 19.426 19.426 19.426 19.426 19.426 19.426 19.426 19.426 19.426 0 0 0 0 1
 2 -1 10 20 2 15 -1000 -1000 -1 -1 -1 -1 -1 -1 3 0 0 19.426 19.426 19.426 19.426 19.426 19.426 19.426 19.426 19.426 19.426 19.426 19.426 0 0 0 0
37 0 32 44 7 6 -2 12 22 0 6 20 2 16 -1000 -1000 -1 -1 -1 -1 -1 -1 3 0 0 60.2004 60.2004 60.2004 60.2004 60.2004 60.2004 60.2004 60.2004 60.2004 60.2004 60.2004 60.2004 0 0 0 0 1
 2 -1 6 20 2 16 -1000 -1000 -1 -1 -1 -1 -1 -1 3 0 0 60.2004 60.2004 60.2004 60.2004 60.2004 60.2004 60.2004 60.2004 60.2004 60.2004 60.2004 60.2004 0 0 0 0
292 0 28 32 8 7 9 0 0 29 10 20 2 15 -1000 -1000 -1 -1 -1 -1 -1 -1 3 0 0 61.81 61.81 61.81 61.81 61.81 61.81 61.81 61.81 61.81 61.81 61.81 61.81 0 0 0 0 1
 2 -1 10 20 2 15 -1000 -1000 -1 -1 -1 -1 -1 -1 3 0 0 61.81 61.81 61.81 61.81 61.81 61.81 61.81 61.81 61.81 61.81 61.81 61.81 0 0 0 0
165 0 32 76 9 8 14 9 24 0 10 20 2 15 -1000 -1000 -1 -1 -1 -1 -1 -1 3 0 0 19.426 19.426 19.426 19.426 19.426 19.426 19.426 19.426 19.426 19.426 19.426 19.426 0 0 0 0 1
 2 -1 10 20 2 15 -1000 -1000 -1 -1 -1 -1 -1 -1 3 0 0 19.426 19.426 19.426 19.426 19.426 19.426 19.426 19.426 19.426 19.426 19.426 19.426 0 0 0 0
38 0 76 32 8 7 9 -2 0 24 10 20 2 15 -1000 -1000 -1 -1 -1 -1 -1 -1 3 0 0 19.426 19.426 19.426 19.426 19.426 19.426 19.426 19.426 19.426 19.426 19.426 19.426 0 0 0 0 1
 2 -1 10 20 2 15 -1000 -1000 -1 -1 -1 -1 -1 -1 3 0 0 19.426 19.426 19.426 19.426 19.426 19.426 19.426 19.426 19.426 19.426 19.426 19.426 0 0 0 0
293 0 28 32 8 7 14 0 0 29 10 20 2 15 -1000 -1000 -1 -1 -1 -1 -1 -1 3 0 0 61.81 61.81 61.81 61.81 61.81 61.81 61.81 61.81 61.81 61.81 61.81 61.81 0 0 0 0 1
 2 -1 10 20 2 15 -1000 -1000 -1 -1 -1 -1 -1 -1 3 0 0 61.81 61.81 61.81 61.81 61.81 61.81 61.81 61.81 61.81 61.81 61.81 61.81 0 0 0 0
166 0 32 76 9 8 18 9 24 0 10 20 2 15 -1000 -1000 -1 -1 -1 -1 -1 -1 3 0 0 19.426 19.426 19.426 19.426 19.426 19.426 19.426 19.426 19.426 19.426 19.426 19.426 0 0 0 0 1
 2 -1 10 20 2 15 -1000 -1000 -1 -1 -1 -1 -1 -1 3 0 0 19.426 19.426 19.426 19.426 19.426 19.426 19.426 19.426 19.426 19.426 19.426 19.426 0 0 0 0
39 0 32 40 7 6 -1 12 22 0 6 20 2 16 -1000 -1000 -1 -1 -1 -1 -1 -1 3 0 0 67.7254 67.7254 67.7254 67.7254 67.7254 67.7254 67.7254 67.7254 67.7254 67.7254 67.7254 67.7254 0 0 0 0 1
 2 -1 6 20 2 16 -1000 -1000 -1 -1 -1 -1 -1 -1 3 0 0 67.7254 67.7254 67.7254 67.7254 67.7254 67.7254 67.7254 67.7254 67.7254 67.7254 67.7254 67.7254 0 0 0 0
294 0 32 32 8 7 12 0 0 24 10 20 2 15 -1000 -1000 -1 -1 -1 -1 -1 -1 3 0 0 52.3008 52.3008 52.3008 52.3008 52.3008 52.3008 52.3008 52.3008 52.3008 52.3008 52.3008 52.3008 0 0 0 0 1
 2 -1 10 20 2 15 -1000 -1000 -1 -1 -1 -1 -1 -1 3 0 0 52.3008 52.3008 52.3008 52.3008 52.3008 52.3008 52.3008 52.3008 52.3008 52.3008 52.3008 52.3008 0 0 0 0
167 0 32 76 9 8 22 9 24 0 10 20 2 15 -1000 -1000 -1 -1 -1 -1 -1 -1 3 0 0 19.426 19.426 19.426 19.426 19.426 19.426 19.426 19.426 19.426 19.426 19.426 19.426 0 0 0 0 1
 2 -1 10 20 2 15 -1000 -1000 -1 -1 -1 -1 -1 -1 3 0 0 19.426 19.426 19.426 19.426 19.426 19.426 19.426 19.426 19.426 19.426 19.426 19.426 0 0 0 0
40 0 48 90 7 6 -2 12 22 0 6 20 2 16 -1000 -1000 -1 -1 -1 -1 -1 -1 3 0 0 11.3269 11.3269 11.3269 11.3269 11.3269 11.3269 11.3269 11.3269 11.3269 11.3269 11.3269 11.3269 0 0 0 0 1
 2 -1 6 20 2 16 -1000 -1000 -1 -1 -1 -1 -1 -1 3 0 0 11.3269 11.3269 11.3269 11.3269 11.3269 11.3269 11.3269 11.3269 11.3269 11.3269 11.3269 11.3269 0 0 0 0
295 0 32 32 8 7 9 0 0 29 10 20 2 15 -1000 -1000 -1 -1 -1 -1 -1 -1 3 0 0 52.3008 52.3008 52.3008 52.3008 52.3008 52.3008 52.3008 52.3008 52.3008 52.3008 52.3008 52.3008 0 0 0 0 1
 2 -1 10 20 2 15 -1000 -1000 -1 -1 -1 -1 -1 -1 3 0 0 52.3008 52.3008 52.3008 52.3008 52.3008 52.3008 52.3008 52.3008 52.3008 52.3008 52.3008 52.3008 0 0 0 0
168 0 32 84 9 8 -1 9 24 0 10 20 2 15 -1000 -1000 -1 -1 -1 -1 -1 -1 3 0 0 17.4336 17.4336 17.4336 17.4336 17.4336 17.4336 17.4336 17.4336 17.4336 17.4336 17.4336 17.4336 0 0 0 0 1
 2 -1 10 20 2 15 -1000 -1000 -1 -1 -1 -1 -1 -1 3 0 0 17.4336 17.4336 17.4336 17.4336 17.4336 17.4336 17.4336 17.4336 17.4336 17.4336 17.4336 17.4336 0 0 0 0
41 0 38 60 9 8 1 9 24 0 10 20 1 15 -1000 -1000 -1 -1 -1 -1 -1 -1 3 0 0 18.6127 18.6127 18.6127 18.6127 18.6127 18.6127 18.6127 18.6127 18.6127 18.6127 18.6127 18.6127 0 0 0 0 1
 2 -1 10 20 1 15 -1000 -1000 -1 -1 -1 -1 -1 -1 3 0 0 18.6127 18.6127 18.6127 18.6127 18.6127 18.6127 18.6127 18.6127 18.6127 18.6127 18.6127 18.6127 0 0 0 0
296 0 32 32 8 7 12 0 0 29 10 20 2 15 -1000 -1000 -1 -1 -1 -1 -1 -1 3 0 0 52.3008 52.3008 52.3008 52.3008 52.3008 52.3008 52.3008 52.3008 52.3008 52.3008 52.3008 52.3008 0 0 0 0 1
 2 -1 10 20 2 15 -1000 -1000 -1 -1 -1 -1 -1 -1 3 0 0 52.3008 52.3008 52.3008 52.3008 52.3008 52.3008 52.3008 52.3008 52.3008 52.3008 52.3008 52.3008 0 0 0 0
169 0 32 84 9 8 4 9 24 0 10 20 2 15 -1000 -1000 -1 -1 -1 -1 -1 -1 3 0 0 17.4336 17.4336 17.4336 17.4336 17.4336 17.4336 17.4336 17.4336 17.4336 17.4336 17.4336 17.4336 0 0 0 0 1
 2 -1 10 20 2 15 -1000 -1000 -1 -1 -1 -1 -1 -1 3 0 0 17.4336 17.4336 17.4336 17.4336 17.4336 17.4336 17.4336 17.4336 17.4336 17.4336 17.4336 17.4336 0 0 0 0
42 0 32 90 7 6 -2 12 22 0 6 20 2 16 -1000 -1000 -1 -1 -1 -1 -1 -1 3 0 0 26.4294 26.4294 26.4294 26.4294 26.4294 26.4294 26.4294 26.4294 26.4294 26.4294 26.4294 26.4294 0 0 0 0 1
 2 -1 6 20 2 16 -1000 -1000 -1 -1 -1 -1 -1 -1 3 0 0 26.4294 26.4294 26.4294 26.4294 26.4294 26.4294 26.4294 26.4294 26.4294 26.4294 26.4294 26.4294 0 0 0 0
297 0 56 60 6 5 40 -8 0 32 14 26 0 16 -1000 -1000 -1 -1 -1 -1 -1 -1 3 0 0 13.8924 13.8924 13.8924 13.8924 14.2711 14.2711 14.2711 14.2711 15.9494 15.9494 15.9494 15.9494 0 0 0 0 1
 2 -1 14 26 0 16 -1000 -1000 -1 -1 -1 -1 -1 -1 3 0 0 13.8924 13.8924 13.8924 13.8924 14.2711 14.2711 14.2711 14.2711 15.9494 15.9494 15.9494 15.9494 0 0 0 0
170 0 32 84 9 8 14 9 24 0 10 20 2 15 -1000 -1000 -1 -1 -1 -1 -1 -1 3 0 0 17.4336 17.4336 17.4336 17.4336 17.4336 17.4336 17.4336 17.4336 17.4336 17.4336 17.4336 17.4336 0 0 0 0 1
 2 -1 10 20 2 15 -1000 -1000 -1 -1 -1 -1 -1 -1 3 0 0 17.4336 17.4336 17.4336 17.4336 17.4336 17.4336 17.4336 17.4336 17.4336 17.4336 17.4336 17.4336 0 0 0 0
43 0 56 60 6 5 16 -10 0 32 14 26 0 16 -1000 -1000 -1 -1 -1 -1 -1 -1 3 0 0 13.8924 13.8924 13.8924 13.8924 14.2711 14.2711 14.2711 14.2711 15.9494 15.9494 15.9494 15.9494 0 0 0 0 1
 2 -1 14 26 0 16 -1000 -1000 -1 -1 -1 -1 -1 -1 3 0 0 13.8924 13.8924 13.8924 13.8924 14.2711 14.2711 14.2711 14.2711 15.9494 15.9494 15.9494 15.9494 0 0 0 0
298 0 56 60 6 5 16 -8 0 42 14 26 0 16 -1000 -1000 -1 -1 -1 -1 -1 -1 3 0 0 13.8924 13.8924 13.8924 13.8924 14.2711 14.2711 14.2711 14.2711 15.9494 15.9494 15.9494 15.9494 0 0 0 0 1
 2 -1 14 26 0 16 -1000 -1000 -1 -1 -1 -1 -1 -1 3 0 0 13.8924 13.8924 13.8924 13.8924 14.2711 14.2711 14.2711 14.2711 15.9494 15.9494 15.9494 15.9494 0 0 0 0
171 0 32 84 9 8 18 9 24 0 10 20 2 15 -1000 -1000 -1 -1 -1 -1 -1 -1 3 0 0 17.4336 17.4336 17.4336 17.4336 17.4336 17.4336 17.4336 17.4336 17.4336 17.4336 17.4336 17.4336 0 0 0 0 1
 2 -1 10 20 2 15 -1000 -1000 -1 -1 -1 -1 -1 -1 3 0 0 17.4336 17.4336 17.4336 17.4336 17.4336 17.4336 17.4336 17.4336 17.4336 17.4336 17.4336 17.4336 0 0 0 0
44 0 56 60 6 5 16 -8 0 32 14 26 0 16 -1000 -1000 -1 -1 -1 -1 -1 -1 3 0 0 13.8924 13.8924 13.8924 13.8924 14.2711 14.2711 14.2711 14.2711 15.9494 15.9494 15.9494 15.9494 0 0 0 0 1
 2 -1 14 26 0 16 -1000 -1000 -1 -1 -1 -1 -1 -1 3 0 0 13.8924 13.8924 13.8924 13.8924 14.2711 14.2711 14.2711 14.2711 15.9494 15.9494 15.9494 15.9494 0 0 0 0
299 0 56 60 6 5 40 -8 0 42 14 26 0 16 -1000 -1000 -1 -1 -1 -1 -1 -1 3 0 0 13.8924 13.8924 13.8924 13.8924 14.2711 14.2711 14.2711 14.2711 15.9494 15.9494 15.9494 15.9494 0 0 0 0 1
 2 -1 14 26 0 16 -1000 -1000 -1 -1 -1 -1 -1 -1 3 0 0 13.8924 13.8924 13.8924 13.8924 14.2711 14.2711 14.2711 14.2711 15.9494 15.9494 15.9494 15.9494 0 0 0 0
172 0 32 84 9 8 22 9 24 0 10 20 2 15 -1000 -1000 -1 -1 -1 -1 -1 -1 3 0 0 17.4336 17.4336 17.4336 17.4336 17.4336 17.4336 17.4336 17.4336 17.4336 17.4336 17.4336 17.4336 0 0 0 0 1
 2 -1 10 20 2 15 -1000 -1000 -1 -1 -1 -1 -1 -1 3 0 0 17.4336 17.4336 17.4336 17.4336 17.4336 17.4336 17.4336 17.4336 17.4336 17.4336 17.4336 17.4336 0 0 0 0
45 0 168 60 6 5 16 15 0 32 14 26 0 16 -1000 -1000 -1 -1 -1 -1 -1 -1 3 0 0 4.4049 4.4049 4.4049 4.4049 4.52499 4.52499 4.52499 4.52499 5.05713 5.05713 5.05713 5.05713 0 0 0 0 1
 2 -1 14 26 0 16 -1000 -1000 -1 -1 -1 -1 -1 -1 3 0 0 4.4049 4.4049 4.4049 4.4049 4.52499 4.52499 4.52499 4.52499 5.05713 5.05713 5.05713 5.05713 0 0 0 0
300 0 74 140 5 4 38 28 28 0 51 38 5 30 -1000 -1000 -1 -1 -1 -1 -1 -1 3 0 0 4.1915 4.1915 4.1915 4.1915 5.00391 5.00391 5.00391 5.00391 6.02097 6.02097 6.02097 6.02097 0 0 0 0 1
 2 -1 51 38 5 30 -1000 -1000 -1 -1 -1 -1 -1 -1 3 0 0 4.1915 4.1915 4.1915 4.1915 5.00391 5.00391 5.00391 5.00391 6.02097 6.02097 6.02097 6.02097 0 0 0 0
173 0 28 32 8 7 9 0 0 24 10 20 2 15 -1000 -1000 -1 -1 -1 -1 -1 -1 3 0 0 61.81 61.81 61.81 61.81 61.81 61.81 61.81 61.81 61.81 61.81 61.81 61.81 0 0 0 0 1
 2 -1 10 20 2 15 -1000 -1000 -1 -1 -1 -1 -1 -1 3 0 0 61.81 61.81 61.81 61.81 61.81 61.81 61.81 61.81 61.81 61.81 61.81 61.81 0 0 0 0
46 0 44 90 7 6 -2 12 22 0 6 20 2 16 -1000 -1000 -1 -1 -1 -1 -1 -1 3 0 0 13.2147 13.2147 13.2147 13.2147 13.2147 13.2147 13.2147 13.2147 13.2147 13.2147 13.2147 13.2147 0 0 0 0 1
 2 -1 6 20 2 16 -1000 -1000 -1 -1 -1 -1 -1 -1 3 0 0 13.2147 13.2147 13.2147 13.2147 13.2147 13.2147 13.2147 13.2147 13.2147 13.2147 13.2147 13.2147 0 0 0 0
301 0 84 32 10 9 9 4 0 24 10 20 2 15 -1000 -1000 -1 -1 -1 -1 -1 -1 3 0 0 17.4336 17.4336 17.4336 17.4336 17.4336 17.4336 17.4336 17.4336 17.4336 17.4336 17.4336 17.4336 0 0 0 0 1
 2 -1 10 20 2 15 -1000 -1000 -1 -1 -1 -1 -1 -1 3 0 0 17.4336 17.4336 17.4336 17.4336 17.4336 17.4336 17.4336 17.4336 17.4336 17.4336 17.4336 17.4336 0 0 0 0
174 0 28 32 8 7 9 2 0 24 10 20 2 15 -1000 -1000 -1 -1 -1 -1 -1 -1 3 0 0 61.81 61.81 61.81 61.81 61.81 61.81 61.81 61.81 61.81 61.81 61.81 61.81 0 0 0 0 1
 2 -1 10 20 2 15 -1000 -1000 -1 -1 -1 -1 -1 -1 3 0 0 61.81 61.81 61.81 61.81 61.81 61.81 61.81 61.81 61.81 61.81 61.81 61.81 0 0 0 0
47 0 68 44 7 6 -2 12 22 0 6 20 2 16 -1000 -1000 -1 -1 -1 -1 -1 -1 3 0 0 15.0501 15.0501 15.0501 15.0501 15.0501 15.0501 15.0501 15.0501 15.0501 15.0501 15.0501 15.0501 0 0 0 0 1
 2 -1 6 20 2 16 -1000 -1000 -1 -1 -1 -1 -1 -1 3 0 0 15.0501 15.0501 15.0501 15.0501 15.0501 15.0501 15.0501 15.0501 15.0501 15.0501 15.0501 15.0501 0 0 0 0
302 0 84 32 10 9 9 21 0 24 10 20 2 15 -1000 -1000 -1 -1 -1 -1 -1 -1 3 0 0 17.4336 17.4336 17.4336 17.4336 17.4336 17.4336 17.4336 17.4336 17.4336 17.4336 17.4336 17.4336 0 0 0 0 1
 2 -1 10 20 2 15 -1000 -1000 -1 -1 -1 -1 -1 -1 3 0 0 17.4336 17.4336 17.4336 17.4336 17.4336 17.4336 17.4336 17.4336 17.4336 17.4336 17.4336 17.4336 0 0 0 0
175 0 28 32 8 7 9 4 0 24 10 20 2 15 -1000 -1000 -1 -1 -1 -1 -1 -1 3 0 0 61.81 61.81 61.81 61.81 61.81 61.81 61.81 61.81 61.81 61.81 61.81 61.81 0 0 0 0 1
 2 -1 10 20 2 15 -1000 -1000 -1 -1 -1 -1 -1 -1 3 0 0 61.81 61.81 61.81 61.81 61.81 61.81 61.81 61.81 61.81 61.81 61.81 61.81 0 0 0 0
48 0 84 126 5 4 -9 126 28 28 62 54 0 50 -1000 -1000 -1 -1 -1 -1 -1 -1 3 0 0 2.19309 2.19309 2.19309 2.19309 2.76129 2.76129 2.76129 2.76129 2.86129 2.86129 2.86129 2.86129 0 0 0 0 1
 0 -1 62 54 0 50 -1000 -1000 -1 -1 -1 -1 -1 -1 3 0 0 2.19309 2.19309 2.19309 2.19309 2.76129 2.76129 2.76129 2.76129 2.86129 2.86129 2.86129 2.86129 0 0 0 0
303 0 32 60 7 6 -2 12 22 0 6 20 2 16 -1000 -1000 -1 -1 -1 -1 -1 -1 3 0 0 41.6772 41.6772 41.6772 41.6772 41.6772 41.6772 41.6772 41.6772 41.6772 41.6772 41.6772 41.6772 0 0 0 0 1
 2 -1 6 20 2 16 -1000 -1000 -1 -1 -1 -1 -1 -1 3 0 0 41.6772 41.6772 41.6772 41.6772 41.6772 41.6772 41.6772 41.6772 41.6772 41.6772 41.6772 41.6772 0 0 0 0
176 0 28 32 8 7 9 7 0 24 10 20 2 15 -1000 -1000 -1 -1 -1 -1 -1 -1 3 0 0 61.81 61.81 61.81 61.81 61.81 61.81 61.81 61.81 61.81 61.81 61.81 61.81 0 0 0 0 1
 2 -1 10 20 2 15 -1000 -1000 -1 -1 -1 -1 -1 -1 3 0 0 61.81 61.81 61.81 61.81 61.81 61.81 61.81 61.81 61.81 61.81 61.81 61.81 0 0 0 0
49 0 56 32 8 7 9 -2 0 24 10 20 2 15 -1000 -1000 -1 -1 -1 -1 -1 -1 3 0 0 27.1964 27.1964 27.1964 27.1964 27.1964 27.1964 27.1964 27.1964 27.1964 27.1964 27.1964 27.1964 0 0 0 0 1
 2 -1 10 20 2 15 -1000 -1000 -1 -1 -1 -1 -1 -1 3 0 0 27.1964 27.1964 27.1964 27.1964 27.1964 27.1964 27.1964 27.1964 27.1964 27.1964 27.1964 27.1964 0 0 0 0
304 0 168 60 6 5 16 -10 0 32 14 26 0 16 -1000 -1000 -1 -1 -1 -1 -1 -1 3 0 0 4.4049 4.4049 4.4049 4.4049 4.52499 4.52499 4.52499 4.52499 5.05713 5.05713 5.05713 5.05713 0 0 0 0 1
 2 -1 14 26 0 16 -1000 -1000 -1 -1 -1 -1 -1 -1 3 0 0 4.4049 4.4049 4.4049 4.4049 4.52499 4.52499 4.52499 4.52499 5.05713 5.05713 5.05713 5.05713 0 0 0 0
177 0 28 32 8 7 9 11 0 24 10 20 2 15 -1000 -1000 -1 -1 -1 -1 -1 -1 3 0 0 61.81 61.81 61.81 61.81 61.81 61.81 61.81 61.81 61.81 61.81 61.81 61.81 0 0 0 0 1
 2 -1 10 20 2 15 -1000 -1000 -1 -1 -1 -1 -1 -1 3 0 0 61.81 61.81 61.81 61.81 61.81 61.81 61.81 61.81 61.81 61.81 61.81 61.81 0 0 0 0
50 0 74 126 5 4 -9 28 28 0 51 38 5 30 -1000 -1000 -1 -1 -1 -1 -1 -1 3 0 0 4.60042 4.60042 4.60042 4.60042 5.49209 5.49209 5.49209 5.49209 6.60838 6.60838 6.60838 6.60838 0 0 0 0 1
 2 -1 51 38 5 30 -1000 -1000 -1 -1 -1 -1 -1 -1 3 0 0 4.60042 4.60042 4.60042 4.60042 5.49209 5.49209 5.49209 5.49209 6.60838 6.60838 6.60838 6.60838 0 0 0 0
305 0 168 60 6 5 16 0 0 32 14 26 0 16 -1000 -1000 -1 -1 -1 -1 -1 -1 3 0 0 4.4049 4.4049 4.4049 4.4049 4.52499 4.52499 4.52499 4.52499 5.05713 5.05713 5.05713 5.05713 0 0 0 0 1
 2 -1 14 26 0 16 -1000 -1000 -1 -1 -1 -1 -1 -1 3 0 0 4.4049 4.4049 4.4049 4.4049 4.52499 4.52499 4.52499 4.52499 5.05713 5.05713 5.05713 5.05713 0 0 0 0
178 0 28 32 8 7 9 12 0 24 10 20 2 15 -1000 -1000 -1 -1 -1 -1 -1 -1 3 0 0 61.81 61.81 61.81 61.81 61.81 61.81 61.81 61.81 61.81 61.81 61.81 61.81 0 0 0 0 1
 2 -1 10 20 2 15 -1000 -1000 -1 -1 -1 -1 -1 -1 3 0 0 61.81 61.81 61.81 61.81 61.81 61.81 61.81 61.81 61.81 61.81 61.81 61.81 0 0 0 0
51 0 180 126 5 4 -9 28 28 0 62 54 0 50 -1000 -1000 -1 -1 -1 -1 -1 -1 3 0 0 1.25602 1.25602 1.25602 1.25602 1.26569 1.26569 1.26569 1.26569 1.36569 1.36569 1.36569 1.36569 0 0 0 0 1
 0 -1 62 54 0 50 -1000 -1000 -1 -1 -1 -1 -1 -1 3 0 0 1.25602 1.25602 1.25602 1.25602 1.26569 1.26569 1.26569 1.26569 1.36569 1.36569 1.36569 1.36569 0 0 0 0
306 0 168 60 6 5 16 24 0 32 14 26 0 16 -1000 -1000 -1 -1 -1 -1 -1 -1 3 0 0 4.4049 4.4049 4.4049 4.4049 4.52499 4.52499 4.52499 4.52499 5.05713 5.05713 5.05713 5.05713 0 0 0 0 1
 2 -1 14 26 0 16 -1000 -1000 -1 -1 -1 -1 -1 -1 3 0 0 4.4049 4.4049 4.4049 4.4049 4.52499 4.52499 4.52499 4.52499 5.05713 5.05713 5.05713 5.05713 0 0 0 0
179 0 28 32 8 7 9 14 0 24 10 20 2 15 -1000 -1000 -1 -1 -1 -1 -1 -1 3 0 0 61.81 61.81 61.81 61.81 61.81 61.81 61.81 61.81 61.81 61.81 61.81 61.81 0 0 0 0 1
 2 -1 10 20 2 15 -1000 -1000 -1 -1 -1 -1 -1 -1 3 0 0 61.81 61.81 61.81 61.81 61.81 61.81 61.81 61.81 61.81 61.81 61.81 61.81 0 0 0 0
52 0 32 46 9 8 -2 9 24 0 10 20 2 15 -1000 -1000 -1 -1 -1 -1 -1 -1 3 0 0 33.9955 33.9955 33.9955 33.9955 33.9955 33.9955 33.9955 33.9955 33.9955 33.9955 33.9955 33.9955 0 0 0 0 1
 2 -1 10 20 2 15 -1000 -1000 -1 -1 -1 -1 -1 -1 3 0 0 33.9955 33.9955 33.9955 33.9955 33.9955 33.9955 33.9955 33.9955 33.9955 33.9955 33.9955 33.9955 0 0 0 0
307 0 56 60 6 5 16 0 0 32 14 26 0 16 -1000 -1000 -1 -1 -1 -1 -1 -1 3 0 0 13.8924 13.8924 13.8924 13.8924 14.2711 14.2711 14.2711 14.2711 15.9494 15.9494 15.9494 15.9494 0 0 0 0 1
 2 -1 14 26 0 16 -1000 -1000 -1 -1 -1 -1 -1 -1 3 0 0 13.8924 13.8924 13.8924 13.8924 14.2711 14.2711 14.2711 14.2711 15.9494 15.9494 15.9494 15.9494 0 0 0 0
180 0 28 32 8 7 9 17 0 24 10 20 2 15 -1000 -1000 -1 -1 -1 -1 -1 -1 3 0 0 61.81 61.81 61.81 61.81 61.81 61.81 61.81 61.81 61.81 61.81 61.81 61.81 0 0 0 0 1
 2 -1 10 20 2 15 -1000 -1000 -1 -1 -1 -1 -1 -1 3 0 0 61.81 61.81 61.81 61.81 61.81 61.81 61.81 61.81 61.81 61.81 61.81 61.81 0 0 0 0
53 0 56 46 10 9 9 -2 0 24 10 20 5 15 -1000 -1000 -1 -1 -1 -1 -1 -1 3 0 0 14.9142 14.9142 14.9142 14.9142 14.9142 14.9142 14.9142 14.9142 14.9142 14.9142 14.9142 14.9142 0 0 0 0 1
 2 -1 10 20 5 15 -1000 -1000 -1 -1 -1 -1 -1 -1 3 0 0 14.9142 14.9142 14.9142 14.9142 14.9142 14.9142 14.9142 14.9142 14.9142 14.9142 14.9142 14.9142 0 0 0 0
308 0 56 60 6 5 16 24 0 32 14 26 0 16 -1000 -1000 -1 -1 -1 -1 -1 -1 3 0 0 13.8924 13.8924 13.8924 13.8924 14.2711 14.2711 14.2711 14.2711 15.9494 15.9494 15.9494 15.9494 0 0 0 0 1
 2 -1 14 26 0 16 -1000 -1000 -1 -1 -1 -1 -1 -1 3 0 0 13.8924 13.8924 13.8924 13.8924 14.2711 14.2711 14.2711 14.2711 15.9494 15.9494 15.9494 15.9494 0 0 0 0
181 0 30 32 8 7 9 0 0 24 10 20 2 15 -1000 -1000 -1 -1 -1 -1 -1 -1 3 0 0 56.6592 56.6592 56.6592 56.6592 56.6592 56.6592 56.6592 56.6592 56.6592 56.6592 56.6592 56.6592 0 0 0 0 1
 2 -1 10 20 2 15 -1000 -1000 -1 -1 -1 -1 -1 -1 3 0 0 56.6592 56.6592 56.6592 56.6592 56.6592 56.6592 56.6592 56.6592 56.6592 56.6592 56.6592 56.6592 0 0 0 0
54 0 60 32 10 9 9 -2 0 24 10 20 2 15 -1000 -1000 -1 -1 -1 -1 -1 -1 3 0 0 25.1819 25.1819 25.1819 25.1819 25.1819 25.1819 25.1819 25.1819 25.1819 25.1819 25.1819 25.1819 0 0 0 0 1
 2 -1 10 20 2 15 -1000 -1000 -1 -1 -1 -1 -1 -1 3 0 0 25.1819 25.1819 25.1819 25.1819 25.1819 25.1819 25.1819 25.1819 25.1819 25.1819 25.1819 25.1819 0 0 0 0
309 0 74 126 5 4 47 28 28 0 51 38 5 30 -1000 -1000 -1 -1 -1 -1 -1 -1 3 0 0 4.60042 4.60042 4.60042 4.60042 5.49209 5.49209 5.49209 5.49209 6.60838 6.60838 6.60838 6.60838 0 0 0 0 1
 2 -1 51 38 5 30 -1000 -1000 -1 -1 -1 -1 -1 -1 3 0 0 4.60042 4.60042 4.60042 4.60042 5.49209 5.49209 5.49209 5.49209 6.60838 6.60838 6.60838 6.60838 0 0 0 0
182 0 30 32 8 7 9 2 0 24 10 20 2 15 -1000 -1000 -1 -1 -1 -1 -1 -1 3 0 0 56.6592 56.6592 56.6592 56.6592 56.6592 56.6592 56.6592 56.6592 56.6592 56.6592 56.6592 56.6592 0 0 0 0 1
 2 -1 10 20 2 15 -1000 -1000 -1 -1 -1 -1 -1 -1 3 0 0 56.6592 56.6592 56.6592 56.6592 56.6592 56.6592 56.6592 56.6592 56.6592 56.6592 56.6592 56.6592 0 0 0 0
55 0 60 38 10 9 9 2 0 24 10 20 1 15 -1000 -1000 -1 -1 -1 -1 -1 -1 3 0 0 18.6127 18.6127 18.6127 18.6127 18.6127 18.6127 18.6127 18.6127 18.6127 18.6127 18.6127 18.6127 0 0 0 0 1
 2 -1 10 20 1 15 -1000 -1000 -1 -1 -1 -1 -1 -1 3 0 0 18.6127 18.6127 18.6127 18.6127 18.6127 18.6127 18.6127 18.6127 18.6127 18.6127 18.6127 18.6127 0 0 0 0
183 0 30 32 8 7 9 4 0 24 10 20 2 15 -1000 -1000 -1 -1 -1 -1 -1 -1 3 0 0 56.6592 56.6592 56.6592 56.6592 56.6592 56.6592 56.6592 56.6592 56.6592 56.6592 56.6592 56.6592 0 0 0 0 1
 2 -1 10 20 2 15 -1000 -1000 -1 -1 -1 -1 -1 -1 3 0 0 56.6592 56.6592 56.6592 56.6592 56.6592 56.6592 56.6592 56.6592 56.6592 56.6592 56.6592 56.6592 0 0 0 0
56 0 60 44 10 9 9 -2 0 24 10 20 1 15 -1000 -1000 -1 -1 -1 -1 -1 -1 3 0 0 14.7618 14.7618 14.7618 14.7618 14.7618 14.7618 14.7618 14.7618 14.7618 14.7618 14.7618 14.7618 0 0 0 0 1
 2 -1 10 20 1 15 -1000 -1000 -1 -1 -1 -1 -1 -1 3 0 0 14.7618 14.7618 14.7618 14.7618 14.7618 14.7618 14.7618 14.7618 14.7618 14.7618 14.7618 14.7618 0 0 0 0
311 0 32 32 8 7 9 -2 0 24 10 20 2 15 -1000 -1000 -1 -1 -1 -1 -1 -1 3 0 0 52.3008 52.3008 52.3008 52.3008 52.3008 52.3008 52.3008 52.3008 52.3008 52.3008 52.3008 52.3008 0 0 0 0 1
 2 -1 10 20 2 15 -1000 -1000 -1 -1 -1 -1 -1 -1 3 0 0 52.3008 52.3008 52.3008 52.3008 52.3008 52.3008 52.3008 52.3008 52.3008 52.3008 52.3008 52.3008 0 0 0 0
184 0 30 32 8 7 9 7 0 24 10 20 2 15 -1000 -1000 -1 -1 -1 -1 -1 -1 3 0 0 56.6592 56.6592 56.6592 56.6592 56.6592 56.6592 56.6592 56.6592 56.6592 56.6592 56.6592 56.6592 0 0 0 0 1
 2 -1 10 20 2 15 -1000 -1000 -1 -1 -1 -1 -1 -1 3 0 0 56.6592 56.6592 56.6592 56.6592 56.6592 56.6592 56.6592 56.6592 56.6592 56.6592 56.6592 56.6592 0 0 0 0
57 0 56 46 8 7 9 -3 0 24 10 20 4 15 -1000 -1000 -1 -1 -1 -1 -1 -1 3 0 0 14.9142 14.9142 14.9142 14.9142 14.9142 14.9142 14.9142 14.9142 14.9142 14.9142 14.9142 14.9142 0 0 0 0 1
 2 -1 10 20 4 15 -1000 -1000 -1 -1 -1 -1 -1 -1 3 0 0 14.9142 14.9142 14.9142 14.9142 14.9142 14.9142 14.9142 14.9142 14.9142 14.9142 14.9142 14.9142 0 0 0 0
312 0 32 28 9 8 0 9 24 0 10 20 2 15 -1000 -1000 -1 -1 -1 -1 -1 -1 3 0 0 61.81 61.81 61.81 61.81 61.81 61.81 61.81 61.81 61.81 61.81 61.81 61.81 0 0 0 0 1
 2 -1 10 20 2 15 -1000 -1000 -1 -1 -1 -1 -1 -1 3 0 0 61.81 61.81 61.81 61.81 61.81 61.81 61.81 61.81 61.81 61.81 61.81 61.81 0 0 0 0
185 0 30 32 8 7 9 11 0 24 10 20 2 15 -1000 -1000 -1 -1 -1 -1 -1 -1 3 0 0 56.6592 56.6592 56.6592 56.6592 56.6592 56.6592 56.6592 56.6592 56.6592 56.6592 56.6592 56.6592 0 0 0 0 1
 2 -1 10 20 2 15 -1000 -1000 -1 -1 -1 -1 -1 -1 3 0 0 56.6592 56.6592 56.6592 56.6592 56.6592 56.6592 56.6592 56.6592 56.6592 56.6592 56.6592 56.6592 0 0 0 0
58 0 60 32 8 7 9 -2 0 24 10 20 2 15 -1000 -1000 -1 -1 -1 -1 -1 -1 3 0 0 25.1819 25.1819 25.1819 25.1819 25.1819 25.1819 25.1819 25.1819 25.1819 25.1819 25.1819 25.1819 0 0 0 0 1
 2 -1 10 20 2 15 -1000 -1000 -1 -1 -1 -1 -1 -1 3 0 0 25.1819 25.1819 25.1819 25.1819 25.1819 25.1819 25.1819 25.1819 25.1819 25.1819 25.1819 25.1819 0 0 0 0
313 0 32 44 7 6 -2 17 22 0 6 20 2 16 -1000 -1000 -1 -1 -1 -1 -1 -1 3 0 0 60.2004 60.2004 60.2004 60.2004 60.2004 60.2004 60.2004 60.2004 60.2004 60.2004 60.2004 60.2004 0 0 0 0 1
 2 -1 6 20 2 16 -1000 -1000 -1 -1 -1 -1 -1 -1 3 0 0 60.2004 60.2004 60.2004 60.2004 60.2004 60.2004 60.2004 60.2004 60.2004 60.2004 60.2004 60.2004 0 0 0 0
186 0 30 32 8 7 9 12 0 24 10 20 2 15 -1000 -1000 -1 -1 -1 -1 -1 -1 3 0 0 56.6592 56.6592 56.6592 56.6592 56.6592 56.6592 56.6592 56.6592 56.6592 56.6592 56.6592 56.6592 0 0 0 0 1
 2 -1 10 20 2 15 -1000 -1000 -1 -1 -1 -1 -1 -1 3 0 0 56.6592 56.6592 56.6592 56.6592 56.6592 56.6592 56.6592 56.6592 56.6592 56.6592 56.6592 56.6592 0 0 0 0
59 0 60 44 8 7 9 -2 0 24 10 20 1 15 -1000 -1000 -1 -1 -1 -1 -1 -1 3 0 0 14.7618 14.7618 14.7618 14.7618 14.7618 14.7618 14.7618 14.7618 14.7618 14.7618 14.7618 14.7618 0 0 0 0 1
 2 -1 10 20 1 15 -1000 -1000 -1 -1 -1 -1 -1 -1 3 0 0 14.7618 14.7618 14.7618 14.7618 14.7618 14.7618 14.7618 14.7618 14.7618 14.7618 14.7618 14.7618 0 0 0 0
314 0 32 44 7 6 -2 12 40 0 6 20 2 16 -1000 -1000 -1 -1 -1 -1 -1 -1 3 0 0 60.2004 60.2004 60.2004 60.2004 60.2004 60.2004 60.2004 60.2004 60.2004 60.2004 60.2004 60.2004 0 0 0 0 1
 2 -1 6 20 2 16 -1000 -1000 -1 -1 -1 -1 -1 -1 3 0 0 60.2004 60.2004 60.2004 60.2004 60.2004 60.2004 60.2004 60.2004 60.2004 60.2004 60.2004 60.2004 0 0 0 0
187 0 30 32 8 7 9 14 0 24 10 20 2 15 -1000 -1000 -1 -1 -1 -1 -1 -1 3 0 0 56.6592 56.6592 56.6592 56.6592 56.6592 56.6592 56.6592 56.6592 56.6592 56.6592 56.6592 56.6592 0 0 0 0 1
 2 -1 10 20 2 15 -1000 -1000 -1 -1 -1 -1 -1 -1 3 0 0 56.6592 56.6592 56.6592 56.6592 56.6592 56.6592 56.6592 56.6592 56.6592 56.6592 56.6592 56.6592 0 0 0 0
60 0 32 28 9 8 -1 9 24 0 10 20 2 15 -1000 -1000 -1 -1 -1 -1 -1 -1 3 0 0 61.81 61.81 61.81 61.81 61.81 61.81 61.81 61.81 61.81 61.81 61.81 61.81 0 0 0 0 1
 2 -1 10 20 2 15 -1000 -1000 -1 -1 -1 -1 -1 -1 3 0 0 61.81 61.81 61.81 61.81 61.81 61.81 61.81 61.81 61.81 61.81 61.81 61.81 0 0 0 0
315 0 32 44 7 6 -2 17 40 0 6 20 2 16 -1000 -1000 -1 -1 -1 -1 -1 -1 3 0 0 60.2004 60.2004 60.2004 60.2004 60.2004 60.2004 60.2004 60.2004 60.2004 60.2004 60.2004 60.2004 0 0 0 0 1
 2 -1 6 20 2 16 -1000 -1000 -1 -1 -1 -1 -1 -1 3 0 0 60.2004 60.2004 60.2004 60.2004 60.2004 60.2004 60.2004 60.2004 60.2004 60.2004 60.2004 60.2004 0 0 0 0
188 0 30 32 8 7 9 17 0 24 10 20 2 15 -1000 -1000 -1 -1 -1 -1 -1 -1 3 0 0 56.6592 56.6592 56.6592 56.6592 56.6592 56.6592 56.6592 56.6592 56.6592 56.6592 56.6592 56.6592 0 0 0 0 1
 2 -1 10 20 2 15 -1000 -1000 -1 -1 -1 -1 -1 -1 3 0 0 56.6592 56.6592 56.6592 56.6592 56.6592 56.6592 56.6592 56.6592 56.6592 56.6592 56.6592 56.6592 0 0 0 0
61 0 32 28 9 8 4 9 24 0 10 20 2 15 -1000 -1000 -1 -1 -1 -1 -1 -1 3 0 0 61.81 61.81 61.81 61.81 61.81 61.81 61.81 61.81 61.81 61.81 61.81 61.81 0 0 0 0 1
 2 -1 10 20 2 15 -1000 -1000 -1 -1 -1 -1 -1 -1 3 0 0 61.81 61.81 61.81 61.81 61.81 61.81 61.81 61.81 61.81 61.81 61.81 61.81 0 0 0 0
316 0 32 44 7 6 0 17 22 0 6 20 2 16 -1000 -1000 -1 -1 -1 -1 -1 -1 3 0 0 60.2004 60.2004 60.2004 60.2004 60.2004 60.2004 60.2004 60.2004 60.2004 60.2004 60.2004 60.2004 0 0 0 0 1
 2 -1 6 20 2 16 -1000 -1000 -1 -1 -1 -1 -1 -1 3 0 0 60.2004 60.2004 60.2004 60.2004 60.2004 60.2004 60.2004 60.2004 60.2004 60.2004 60.2004 60.2004 0 0 0 0
62 0 32 44 7 6 0 12 22 0 6 20 2 16 -1000 -1000 -1 -1 -1 -1 -1 -1 3 0 0 60.2004 60.2004 60.2004 60.2004 60.2004 60.2004 60.2004 60.2004 60.2004 60.2004 60.2004 60.2004 0 0 0 0 1
 2 -1 6 20 2 16 -1000 -1000 -1 -1 -1 -1 -1 -1 3 0 0 60.2004 60.2004 60.2004 60.2004 60.2004 60.2004 60.2004 60.2004 60.2004 60.2004 60.2004 60.2004 0 0 0 0
189 0 32 32 8 7 9 -1 0 24 10 20 2 15 -1000 -1000 -1 -1 -1 -1 -1 -1 3 0 0 52.3008 52.3008 52.3008 52.3008 52.3008 52.3008 52.3008 52.3008 52.3008 52.3008 52.3008 52.3008 0 0 0 0 1
 2 -1 10 20 2 15 -1000 -1000 -1 -1 -1 -1 -1 -1 3 0 0 52.3008 52.3008 52.3008 52.3008 52.3008 52.3008 52.3008 52.3008 52.3008 52.3008 52.3008 52.3008 0 0 0 0
317 0 32 44 7 6 0 12 40 0 6 20 2 16 -1000 -1000 -1 -1 -1 -1 -1 -1 3 0 0 60.2004 60.2004 60.2004 60.2004 60.2004 60.2004 60.2004 60.2004 60.2004 60.2004 60.2004 60.2004 0 0 0 0 1
 2 -1 6 20 2 16 -1000 -1000 -1 -1 -1 -1 -1 -1 3 0 0 60.2004 60.2004 60.2004 60.2004 60.2004 60.2004 60.2004 60.2004 60.2004 60.2004 60.2004 60.2004 0 0 0 0
190 0 32 32 8 7 9 2 0 24 10 20 2 15 -1000 -1000 -1 -1 -1 -1 -1 -1 3 0 0 52.3008 52.3008 52.3008 52.3008 52.3008 52.3008 52.3008 52.3008 52.3008 52.3008 52.3008 52.3008 0 0 0 0 1
 2 -1 10 20 2 15 -1000 -1000 -1 -1 -1 -1 -1 -1 3 0 0 52.3008 52.3008 52.3008 52.3008 52.3008 52.3008 52.3008 52.3008 52.3008 52.3008 52.3008 52.3008 0 0 0 0
63 0 32 40 7 6 4 12 22 0 6 20 2 16 -1000 -1000 -1 -1 -1 -1 -1 -1 3 0 0 67.7254 67.7254 67.7254 67.7254 67.7254 67.7254 67.7254 67.7254 67.7254 67.7254 67.7254 67.7254 0 0 0 0 1
 2 -1 6 20 2 16 -1000 -1000 -1 -1 -1 -1 -1 -1 3 0 0 67.7254 67.7254 67.7254 67.7254 67.7254 67.7254 67.7254 67.7254 67.7254 67.7254 67.7254 67.7254 0 0 0 0
318 0 32 44 7 6 0 17 40 0 6 20 2 16 -1000 -1000 -1 -1 -1 -1 -1 -1 3 0 0 60.2004 60.2004 60.2004 60.2004 60.2004 60.2004 60.2004 60.2004 60.2004 60.2004 60.2004 60.2004 0 0 0 0 1
 2 -1 6 20 2 16 -1000 -1000 -1 -1 -1 -1 -1 -1 3 0 0 60.2004 60.2004 60.2004 60.2004 60.2004 60.2004 60.2004 60.2004 60.2004 60.2004 60.2004 60.2004 0 0 0 0
191 0 32 32 8 7 9 4 0 24 10 20 2 15 -1000 -1000 -1 -1 -1 -1 -1 -1 3 0 0 52.3008 52.3008 52.3008 52.3008 52.3008 52.3008 52.3008 52.3008 52.3008 52.3008 52.3008 52.3008 0 0 0 0 1
 2 -1 10 20 2 15 -1000 -1000 -1 -1 -1 -1 -1 -1 3 0 0 52.3008 52.3008 52.3008 52.3008 52.3008 52.3008 52.3008 52.3008 52.3008 52.3008 52.3008 52.3008 0 0 0 0
64 0 40 32 8 7 9 -1 0 24 10 20 2 15 -1000 -1000 -1 -1 -1 -1 -1 -1 3 0 0 39.9947 39.9947 39.9947 39.9947 39.9947 39.9947 39.9947 39.9947 39.9947 39.9947 39.9947 39.9947 0 0 0 0 1
 2 -1 10 20 2 15 -1000 -1000 -1 -1 -1 -1 -1 -1 3 0 0 39.9947 39.9947 39.9947 39.9947 39.9947 39.9947 39.9947 39.9947 39.9947 39.9947 39.9947 39.9947 0 0 0 0
319 0 74 140 5 4 -9 32 28 0 51 38 5 30 -1000 -1000 -1 -1 -1 -1 -1 -1 3 0 0 4.1915 4.1915 4.1915 4.1915 5.00391 5.00391 5.00391 5.00391 6.02097 6.02097 6.02097 6.02097 0 0 0 0 1
 2 -1 51 38 5 30 -1000 -1000 -1 -1 -1 -1 -1 -1 3 0 0 4.1915 4.1915 4.1915 4.1915 5.00391 5.00391 5.00391 5.00391 6.02097 6.02097 6.02097 6.02097 0 0 0 0
192 0 32 32 8 7 9 7 0 24 10 20 2 15 -1000 -1000 -1 -1 -1 -1 -1 -1 3 0 0 52.3008 52.3008 52.3008 52.3008 52.3008 52.3008 52.3008 52.3008 52.3008 52.3008 52.3008 52.3008 0 0 0 0 1
 2 -1 10 20 2 15 -1000 -1000 -1 -1 -1 -1 -1 -1 3 0 0 52.3008 52.3008 52.3008 52.3008 52.3008 52.3008 52.3008 52.3008 52.3008 52.3008 52.3008 52.3008 0 0 0 0
65 0 30 32 8 7 9 -1 0 24 10 20 2 15 -1000 -1000 -1 -1 -1 -1 -1 -1 3 0 0 56.6592 56.6592 56.6592 56.6592 56.6592 56.6592 56.6592 56.6592 56.6592 56.6592 56.6592 56.6592 0 0 0 0 1
 2 -1 10 20 2 15 -1000 -1000 -1 -1 -1 -1 -1 -1 3 0 0 56.6592 56.6592 56.6592 56.6592 56.6592 56.6592 56.6592 56.6592 56.6592 56.6592 56.6592 56.6592 0 0 0 0
320 0 74 140 5 4 -9 28 32 0 51 38 5 30 -1000 -1000 -1 -1 -1 -1 -1 -1 3 0 0 4.1915 4.1915 4.1915 4.1915 5.00391 5.00391 5.00391 5.00391 6.02097 6.02097 6.02097 6.02097 0 0 0 0 1
 2 -1 51 38 5 30 -1000 -1000 -1 -1 -1 -1 -1 -1 3 0 0 4.1915 4.1915 4.1915 4.1915 5.00391 5.00391 5.00391 5.00391 6.02097 6.02097 6.02097 6.02097 0 0 0 0
193 0 32 32 8 7 9 11 0 24 10 20 2 15 -1000 -1000 -1 -1 -1 -1 -1 -1 3 0 0 52.3008 52.3008 52.3008 52.3008 52.3008 52.3008 52.3008 52.3008 52.3008 52.3008 52.3008 52.3008 0 0 0 0 1
 2 -1 10 20 2 15 -1000 -1000 -1 -1 -1 -1 -1 -1 3 0 0 52.3008 52.3008 52.3008 52.3008 52.3008 52.3008 52.3008 52.3008 52.3008 52.3008 52.3008 52.3008 0 0 0 0
66 0 32 30 9 8 -1 9 24 0 10 20 2 15 -1000 -1000 -1 -1 -1 -1 -1 -1 3 0 0 56.6592 56.6592 56.6592 56.6592 56.6592 56.6592 56.6592 56.6592 56.6592 56.6592 56.6592 56.6592 0 0 0 0 1
 2 -1 10 20 2 15 -1000 -1000 -1 -1 -1 -1 -1 -1 3 0 0 56.6592 56.6592 56.6592 56.6592 56.6592 56.6592 56.6592 56.6592 56.6592 56.6592 56.6592 56.6592 0 0 0 0
321 0 36 48 11 10 3 7 24 0 10 20 3 13 -1000 -1000 -1 -1 -1 -1 -1 -1 3 0 0 26.2097 26.2097 26.2097 26.2097 26.2097 26.2097 26.2097 26.2097 26.2097 26.2097 26.2097 26.2097 0 0 0 0 1
 0 -1 10 20 3 13 -1000 -1000 -1 -1 -1 -1 -1 -1 3 0 0 26.2097 26.2097 26.2097 26.2097 26.2097 26.2097 26.2097 26.2097 26.2097 26.2097 26.2097 26.2097 0 0 0 0
194 0 32 32 8 7 9 12 0 24 10 20 2 15 -1000 -1000 -1 -1 -1 -1 -1 -1 3 0 0 52.3008 52.3008 52.3008 52.3008 52.3008 52.3008 52.3008 52.3008 52.3008 52.3008 52.3008 52.3008 0 0 0 0 1
 2 -1 10 20 2 15 -1000 -1000 -1 -1 -1 -1 -1 -1 3 0 0 52.3008 52.3008 52.3008 52.3008 52.3008 52.3008 52.3008 52.3008 52.3008 52.3008 52.3008 52.3008 0 0 0 0
67 0 32 30 9 8 4 9 24 0 10 20 2 15 -1000 -1000 -1 -1 -1 -1 -1 -1 3 0 0 56.6592 56.6592 56.6592 56.6592 56.6592 56.6592 56.6592 56.6592 56.6592 56.6592 56.6592 56.6592 0 0 0 0 1
 2 -1 10 20 2 15 -1000 -1000 -1 -1 -1 -1 -1 -1 3 0 0 56.6592 56.6592 56.6592 56.6592 56.6592 56.6592 56.6592 56.6592 56.6592 56.6592 56.6592 56.6592 0 0 0 0
322 0 150 60 6 5 16 -10 0 32 14 26 0 16 -1000 -1000 -1 -1 -1 -1 -1 -1 3 0 0 4.94798 4.94798 4.94798 4.94798 5.08286 5.08286 5.08286 5.08286 5.68061 5.68061 5.68061 5.68061 0 0 0 0 1
 2 -1 14 26 0 16 -1000 -1000 -1 -1 -1 -1 -1 -1 3 0 0 4.94798 4.94798 4.94798 4.94798 5.08286 5.08286 5.08286 5.08286 5.68061 5.68061 5.68061 5.68061 0 0 0 0
195 0 32 32 8 7 9 14 0 24 10 20 2 15 -1000 -1000 -1 -1 -1 -1 -1 -1 3 0 0 52.3008 52.3008 52.3008 52.3008 52.3008 52.3008 52.3008 52.3008 52.3008 52.3008 52.3008 52.3008 0 0 0 0 1
 2 -1 10 20 2 15 -1000 -1000 -1 -1 -1 -1 -1 -1 3 0 0 52.3008 52.3008 52.3008 52.3008 52.3008 52.3008 52.3008 52.3008 52.3008 52.3008 52.3008 52.3008 0 0 0 0
68 0 32 44 7 6 4 12 22 0 6 20 2 16 -1000 -1000 -1 -1 -1 -1 -1 -1 3 0 0 60.2004 60.2004 60.2004 60.2004 60.2004 60.2004 60.2004 60.2004 60.2004 60.2004 60.2004 60.2004 0 0 0 0 1
 2 -1 6 20 2 16 -1000 -1000 -1 -1 -1 -1 -1 -1 3 0 0 60.2004 60.2004 60.2004 60.2004 60.2004 60.2004 60.2004 60.2004 60.2004 60.2004 60.2004 60.2004 0 0 0 0
323 0 150 60 6 5 16 -8 0 32 14 26 0 16 -1000 -1000 -1 -1 -1 -1 -1 -1 3 0 0 4.94798 4.94798 4.94798 4.94798 5.08286 5.08286 5.08286 5.08286 5.68061 5.68061 5.68061 5.68061 0 0 0 0 1
 2 -1 14 26 0 16 -1000 -1000 -1 -1 -1 -1 -1 -1 3 0 0 4.94798 4.94798 4.94798 4.94798 5.08286 5.08286 5.08286 5.08286 5.68061 5.68061 5.68061 5.68061 0 0 0 0
196 0 32 32 8 7 9 17 0 24 10 20 2 15 -1000 -1000 -1 -1 -1 -1 -1 -1 3 0 0 52.3008 52.3008 52.3008 52.3008 52.3008 52.3008 52.3008 52.3008 52.3008 52.3008 52.3008 52.3008 0 0 0 0 1
 2 -1 10 20 2 15 -1000 -1000 -1 -1 -1 -1 -1 -1 3 0 0 52.3008 52.3008 52.3008 52.3008 52.3008 52.3008 52.3008 52.3008 52.3008 52.3008 52.3008 52.3008 0 0 0 0
69 0 28 32 8 7 9 -1 0 24 10 20 2 15 -1000 -1000 -1 -1 -1 -1 -1 -1 3 0 0 61.81 61.81 61.81 61.81 61.81 61.81 61.81 61.81 61.81 61.81 61.81 61.81 0 0 0 0 1
 2 -1 10 20 2 15 -1000 -1000 -1 -1 -1 -1 -1 -1 3 0 0 61.81 61.81 61.81 61.81 61.81 61.81 61.81 61.81 61.81 61.81 61.81 61.81 0 0 0 0
324 0 150 60 6 5 16 15 0 32 14 26 0 16 -1000 -1000 -1 -1 -1 -1 -1 -1 3 0 0 4.94798 4.94798 4.94798 4.94798 5.08286 5.08286 5.08286 5.08286 5.68061 5.68061 5.68061 5.68061 0 0 0 0 1
 2 -1 14 26 0 16 -1000 -1000 -1 -1 -1 -1 -1 -1 3 0 0 4.94798 4.94798 4.94798 4.94798 5.08286 5.08286 5.08286 5.08286 5.68061 5.68061 5.68061 5.68061 0 0 0 0
197 122 42 78 12 11 14 0 0 17 10 20 4 17 -1000 -1000 -1 -1 -1 -1 -1 -1 3 0 0 7.64449 7.64449 7.64449 7.64449 7.64449 7.64449 7.64449 7.64449 7.64449 7.64449 7.64449 7.64449 0 0 0 0 1
 2 -1 10 20 4 17 -1000 -1000 -1 -1 -1 -1 -1 -1 3 0 0 7.64449 7.64449 7.64449 7.64449 7.64449 7.64449 7.64449 7.64449 7.64449 7.64449 7.64449 7.64449 0 0 0 0
70 0 44 44 7 6 -2 12 22 0 6 20 2 16 -1000 -1000 -1 -1 -1 -1 -1 -1 3 0 0 30.1002 30.1002 30.1002 30.1002 30.1002 30.1002 30.1002 30.1002 30.1002 30.1002 30.1002 30.1002 0 0 0 0 1
 2 -1 6 20 2 16 -1000 -1000 -1 -1 -1 -1 -1 -1 3 0 0 30.1002 30.1002 30.1002 30.1002 30.1002 30.1002 30.1002 30.1002 30.1002 30.1002 30.1002 30.1002 0 0 0 0
325 0 150 60 6 5 16 24 0 32 14 26 0 16 -1000 -1000 -1 -1 -1 -1 -1 -1 3 0 0 4.94798 4.94798 4.94798 4.94798 5.08286 5.08286 5.08286 5.08286 5.68061 5.68061 5.68061 5.68061 0 0 0 0 1
 2 -1 14 26 0 16 -1000 -1000 -1 -1 -1 -1 -1 -1 3 0 0 4.94798 4.94798 4.94798 4.94798 5.08286 5.08286 5.08286 5.08286 5.68061 5.68061 5.68061 5.68061 0 0 0 0
198 0 42 28 12 11 14 4 0 14 10 20 4 17 -1000 -1000 -1 -1 -1 -1 -1 -1 3 0 0 51.295 51.295 51.295 51.295 51.295 51.295 51.295 51.295 51.295 51.295 51.295 51.295 0 0 0 0 1
 2 -1 10 20 4 17 -1000 -1000 -1 -1 -1 -1 -1 -1 3 0 0 51.295 51.295 51.295 51.295 51.295 51.295 51.295 51.295 51.295 51.295 51.295 51.295 0 0 0 0
71 0 44 108 7 6 1 12 22 0 6 20 2 16 -1000 -1000 -1 -1 -1 -1 -1 -1 3 0 0 10.8361 10.8361 10.8361 10.8361 10.8361 10.8361 10.8361 10.8361 10.8361 10.8361 10.8361 10.8361 0 0 0 0 1
 2 -1 6 20 2 16 -1000 -1000 -1 -1 -1 -1 -1 -1 3 0 0 10.8361 10.8361 10.8361 10.8361 10.8361 10.8361 10.8361 10.8361 10.8361 10.8361 10.8361 10.8361 0 0 0 0
326 0 74 140 5 4 -9 32 32 0 51 38 5 30 -1000 -1000 -1 -1 -1 -1 -1 -1 3 0 0 4.1915 4.1915 4.1915 4.1915 5.00391 5.00391 5.00391 5.00391 6.02097 6.02097 6.02097 6.02097 0 0 0 0 1
 2 -1 51 38 5 30 -1000 -1000 -1 -1 -1 -1 -1 -1 3 0 0 4.1915 4.1915 4.1915 4.1915 5.00391 5.00391 5.00391 5.00391 6.02097 6.02097 6.02097 6.02097 0 0 0 0
199 122 42 78 12 11 14 1 0 17 10 20 4 17 -1000 -1000 -1 -1 -1 -1 -1 -1 3 0 0 7.64449 7.64449 7.64449 7.64449 7.64449 7.64449 7.64449 7.64449 7.64449 7.64449 7.64449 7.64449 0 0 0 0 1
 2 -1 10 20 4 17 -1000 -1000 -1 -1 -1 -1 -1 -1 3 0 0 7.64449 7.64449 7.64449 7.64449 7.64449 7.64449 7.64449 7.64449 7.64449 7.64449 7.64449 7.64449 0 0 0 0
72 0 84 32 8 7 9 -2 0 24 10 20 2 15 -1000 -1000 -1 -1 -1 -1 -1 -1 3 0 0 17.4336 17.4336 17.4336 17.4336 17.4336 17.4336 17.4336 17.4336 17.4336 17.4336 17.4336 17.4336 0 0 0 0 1
 2 -1 10 20 2 15 -1000 -1000 -1 -1 -1 -1 -1 -1 3 0 0 17.4336 17.4336 17.4336 17.4336 17.4336 17.4336 17.4336 17.4336 17.4336 17.4336 17.4336 17.4336 0 0 0 0
327 0 36 36 11 10 3 7 24 0 10 20 3 13 -1000 -1000 -1 -1 -1 -1 -1 -1 3 0 0 42.3387 42.3387 42.3387 42.3387 45.8669 45.8669 45.8669 45.8669 45.8669 45.8669 45.8669 45.8669 0 0 0 0 2
 1 -1 10 20 3 13 -1000 -1000 -1 -1 -1 -1 -1 -1 3 0 0 42.3387 42.3387 42.3387 42.3387 45.8669 45.8669 45.8669 45.8669 45.8669 45.8669 45.8669 45.8669 0 0 0 0
 2 -1 10 20 3 13 -1000 -1000 -1 -1 -1 -1 -1 -1 3 0 0 36.6936 36.6936 36.6936 36.6936 36.6936 36.6936 36.6936 36.6936 36.6936 36.6936 36.6936 36.6936 0 0 0 0
200 0 42 32 12 11 14 0 0 14 10 20 4 17 -1000 -1000 -1 -1 -1 -1 -1 -1 3 0 0 28.3296 28.3296 28.3296 28.3296 28.3296 28.3296 28.3296 28.3296 28.3296 28.3296 28.3296 28.3296 0 0 0 0 1
 2 -1 10 20 4 17 -1000 -1000 -1 -1 -1 -1 -1 -1 3 0 0 28.3296 28.3296 28.3296 28.3296 28.3296 28.3296 28.3296 28.3296 28.3296 28.3296 28.3296 28.3296 0 0 0 0
73 0 56 32 10 9 9 -2 0 24 10 20 2 15 -1000 -1000 -1 -1 -1 -1 -1 -1 3 0 0 27.1964 27.1964 27.1964 27.1964 27.1964 27.1964 27.1964 27.1964 27.1964 27.1964 27.1964 27.1964 0 0 0 0 1
 2 -1 10 20 2 15 -1000 -1000 -1 -1 -1 -1 -1 -1 3 0 0 27.1964 27.1964 27.1964 27.1964 27.1964 27.1964 27.1964 27.1964 27.1964 27.1964 27.1964 27.1964 0 0 0 0
328 0 36 70 11 10 3 17 24 0 10 20 3 13 -1000 -1000 -1 -1 -1 -1 -1 -1 3 0 0 18.3468 18.3468 18.3468 18.3468 18.9794 18.9794 18.9794 18.9794 18.9794 18.9794 18.9794 18.9794 0 0 0 0 1
 1 -1 10 20 3 13 -1000 -1000 -1 -1 -1 -1 -1 -1 3 0 0 18.3468 18.3468 18.3468 18.3468 18.9794 18.9794 18.9794 18.9794 18.9794 18.9794 18.9794 18.9794 0 0 0 0
201 0 28 32 10 9 9 -2 0 26 10 20 2 15 -1000 -1000 -1 -1 -1 -1 -1 -1 3 0 0 61.81 61.81 61.81 61.81 61.81 61.81 61.81 61.81 61.81 61.81 61.81 61.81 0 0 0 0 1
 2 -1 10 20 2 15 -1000 -1000 -1 -1 -1 -1 -1 -1 3 0 0 61.81 61.81 61.81 61.81 61.81 61.81 61.81 61.81 61.81 61.81 61.81 61.81 0 0 0 0
74 0 32 66 9 8 -2 9 24 0 10 20 2 15 -1000 -1000 -1 -1 -1 -1 -1 -1 3 0 0 22.6637 22.6637 22.6637 22.6637 22.6637 22.6637 22.6637 22.6637 22.6637 22.6637 22.6637 22.6637 0 0 0 0 1
 2 -1 10 20 2 15 -1000 -1000 -1 -1 -1 -1 -1 -1 3 0 0 22.6637 22.6637 22.6637 22.6637 22.6637 22.6637 22.6637 22.6637 22.6637 22.6637 22.6637 22.6637 0 0 0 0
202 0 42 32 12 11 14 2 0 14 10 20 4 17 -1000 -1000 -1 -1 -1 -1 -1 -1 3 0 0 28.3296 28.3296 28.3296 28.3296 28.3296 28.3296 28.3296 28.3296 28.3296 28.3296 28.3296 28.3296 0 0 0 0 1
 2 -1 10 20 4 17 -1000 -1000 -1 -1 -1 -1 -1 -1 3 0 0 28.3296 28.3296 28.3296 28.3296 28.3296 28.3296 28.3296 28.3296 28.3296 28.3296 28.3296 28.3296 0 0 0 0
75 0 68 32 10 9 9 -2 0 24 10 20 2 15 -1000 -1000 -1 -1 -1 -1 -1 -1 3 0 0 21.9326 21.9326 21.9326 21.9326 21.9326 21.9326 21.9326 21.9326 21.9326 21.9326 21.9326 21.9326 0 0 0 0 1
 2 -1 10 20 2 15 -1000 -1000 -1 -1 -1 -1 -1 -1 3 0 0 21.9326 21.9326 21.9326 21.9326 21.9326 21.9326 21.9326 21.9326 21.9326 21.9326 21.9326 21.9326 0 0 0 0
203 0 32 32 10 9 9 -2 0 26 10 20 2 15 -1000 -1000 -1 -1 -1 -1 -1 -1 3 0 0 52.3008 52.3008 52.3008 52.3008 52.3008 52.3008 52.3008 52.3008 52.3008 52.3008 52.3008 52.3008 0 0 0 0 1
 2 -1 10 20 2 15 -1000 -1000 -1 -1 -1 -1 -1 -1 3 0 0 52.3008 52.3008 52.3008 52.3008 52.3008 52.3008 52.3008 52.3008 52.3008 52.3008 52.3008 52.3008 0 0 0 0
76 0 84 32 10 9 9 -2 0 24 10 20 2 15 -1000 -1000 -1 -1 -1 -1 -1 -1 3 0 0 17.4336 17.4336 17.4336 17.4336 17.4336 17.4336 17.4336 17.4336 17.4336 17.4336 17.4336 17.4336 0 0 0 0 1
 2 -1 10 20 2 15 -1000 -1000 -1 -1 -1 -1 -1 -1 3 0 0 17.4336 17.4336 17.4336 17.4336 17.4336 17.4336 17.4336 17.4336 17.4336 17.4336 17.4336 17.4336 0 0 0 0
204 0 36 64 11 10 3 17 24 6 10 20 3 13 -1000 -1000 -1 -1 -1 -1 -1 -1 3 0 0 18.9794 18.9794 18.9794 18.9794 18.9794 18.9794 18.9794 18.9794 18.9794 18.9794 18.9794 18.9794 0 0 0 0 1
 0 -1 10 20 3 13 -1000 -1000 -1 -1 -1 -1 -1 -1 3 0 0 18.9794 18.9794 18.9794 18.9794 18.9794 18.9794 18.9794 18.9794 18.9794 18.9794 18.9794 18.9794 0 0 0 0
77 0 32 48 9 8 0 9 24 6 10 22 2 15 -1000 -1000 -1 -1 -1 -1 -1 -1 3 0 0 32.3767 32.3767 32.3767 32.3767 32.3767 32.3767 32.3767 32.3767 32.3767 32.3767 32.3767 32.3767 0 0 0 0 1
 0 -1 10 22 2 15 -1000 -1000 -1 -1 -1 -1 -1 -1 3 0 0 32.3767 32.3767 32.3767 32.3767 32.3767 32.3767 32.3767 32.3767 32.3767 32.3767 32.3767 32.3767 0 0 0 0
205 0 44 108 7 6 11 12 22 0 6 20 2 16 -1000 -1000 -1 -1 -1 -1 -1 -1 3 0 0 10.8361 10.8361 10.8361 10.8361 10.8361 10.8361 10.8361 10.8361 10.8361 10.8361 10.8361 10.8361 0 0 0 0 1
 2 -1 6 20 2 16 -1000 -1000 -1 -1 -1 -1 -1 -1 3 0 0 10.8361 10.8361 10.8361 10.8361 10.8361 10.8361 10.8361 10.8361 10.8361 10.8361 10.8361 10.8361 0 0 0 0
78 0 60 38 8 7 9 0 0 24 10 20 1 15 -1000 -1000 -1 -1 -1 -1 -1 -1 3 0 0 18.6127 18.6127 18.6127 18.6127 18.6127 18.6127 18.6127 18.6127 18.6127 18.6127 18.6127 18.6127 0 0 0 0 1
 2 -1 10 20 1 15 -1000 -1000 -1 -1 -1 -1 -1 -1 3 0 0 18.6127 18.6127 18.6127 18.6127 18.6127 18.6127 18.6127 18.6127 18.6127 18.6127 18.6127 18.6127 0 0 0 0
206 0 44 108 7 6 12 12 22 0 6 20 2 16 -1000 -1000 -1 -1 -1 -1 -1 -1 3 0 0 10.8361 10.8361 10.8361 10.8361 10.8361 10.8361 10.8361 10.8361 10.8361 10.8361 10.8361 10.8361 0 0 0 0 1
 2 -1 6 20 2 16 -1000 -1000 -1 -1 -1 -1 -1 -1 3 0 0 10.8361 10.8361 10.8361 10.8361 10.8361 10.8361 10.8361 10.8361 10.8361 10.8361 10.8361 10.8361 0 0 0 0
79 0 126 126 5 4 -9 28 28 0 62 54 0 50 -1000 -1000 -1 -1 -1 -1 -1 -1 3 0 0 1.57903 1.57903 1.57903 1.57903 1.81826 1.81826 1.81826 1.81826 1.85596 1.85596 1.85596 1.85596 0 0 0 0 1
 0 -1 62 54 0 50 -1000 -1000 -1 -1 -1 -1 -1 -1 3 0 0 1.57903 1.57903 1.57903 1.57903 1.81826 1.81826 1.81826 1.81826 1.85596 1.85596 1.85596 1.85596 0 0 0 0
207 0 44 108 7 6 15 12 22 0 6 20 2 16 -1000 -1000 -1 -1 -1 -1 -1 -1 3 0 0 10.8361 10.8361 10.8361 10.8361 10.8361 10.8361 10.8361 10.8361 10.8361 10.8361 10.8361 10.8361 0 0 0 0 1
 2 -1 6 20 2 16 -1000 -1000 -1 -1 -1 -1 -1 -1 3 0 0 10.8361 10.8361 10.8361 10.8361 10.8361 10.8361 10.8361 10.8361 10.8361 10.8361 10.8361 10.8361 0 0 0 0
80 0 48 32 10 9 0 -2 6 24 10 22 2 15 -1000 -1000 -1 -1 -1 -1 -1 -1 3 0 0 32.3767 32.3767 32.3767 32.3767 32.3767 32.3767 32.3767 32.3767 32.3767 32.3767 32.3767 32.3767 0 0 0 0 1
 0 -1 10 22 2 15 -1000 -1000 -1 -1 -1 -1 -1 -1 3 0 0 32.3767 32.3767 32.3767 32.3767 32.3767 32.3767 32.3767 32.3767 32.3767 32.3767 32.3767 32.3767 0 0 0 0
208 0 44 108 7 6 16 12 22 0 6 20 2 16 -1000 -1000 -1 -1 -1 -1 -1 -1 3 0 0 10.8361 10.8361 10.8361 10.8361 10.8361 10.8361 10.8361 10.8361 10.8361 10.8361 10.8361 10.8361 0 0 0 0 1
 2 -1 6 20 2 16 -1000 -1000 -1 -1 -1 -1 -1 -1 3 0 0 10.8361 10.8361 10.8361 10.8361 10.8361 10.8361 10.8361 10.8361 10.8361 10.8361 10.8361 10.8361 0 0 0 0
81 0 32 76 9 8 -2 9 24 0 10 20 2 15 -1000 -1000 -1 -1 -1 -1 -1 -1 3 0 0 19.426 19.426 19.426 19.426 19.426 19.426 19.426 19.426 19.426 19.426 19.426 19.426 0 0 0 0 1
 2 -1 10 20 2 15 -1000 -1000 -1 -1 -1 -1 -1 -1 3 0 0 19.426 19.426 19.426 19.426 19.426 19.426 19.426 19.426 19.426 19.426 19.426 19.426 0 0 0 0
209 0 44 108 7 6 20 12 22 0 6 20 2 16 -1000 -1000 -1 -1 -1 -1 -1 -1 3 0 0 10.8361 10.8361 10.8361 10.8361 10.8361 10.8361 10.8361 10.8361 10.8361 10.8361 10.8361 10.8361 0 0 0 0 1
 2 -1 6 20 2 16 -1000 -1000 -1 -1 -1 -1 -1 -1 3 0 0 10.8361 10.8361 10.8361 10.8361 10.8361 10.8361 10.8361 10.8361 10.8361 10.8361 10.8361 10.8361 0 0 0 0
210 0 32 108 7 6 0 12 22 0 6 20 2 16 -1000 -1000 -1 -1 -1 -1 -1 -1 3 0 0 21.6721 21.6721 21.6721 21.6721 21.6721 21.6721 21.6721 21.6721 21.6721 21.6721 21.6721 21.6721 0 0 0 0 1
 2 -1 6 20 2 16 -1000 -1000 -1 -1 -1 -1 -1 -1 3 0 0 21.6721 21.6721 21.6721 21.6721 21.6721 21.6721 21.6721 21.6721 21.6721 21.6721 21.6721 21.6721 0 0 0 0
83 0 32 36 9 8 -2 9 24 0 10 20 2 15 -1000 -1000 -1 -1 -1 -1 -1 -1 3 0 0 52.3008 52.3008 52.3008 52.3008 56.6592 56.6592 56.6592 56.6592 56.6592 56.6592 56.6592 56.6592 0 0 0 0 2
 1 -1 10 20 2 15 -1000 -1000 -1 -1 -1 -1 -1 -1 3 0 0 52.3008 52.3008 52.3008 52.3008 56.6592 56.6592 56.6592 56.6592 56.6592 56.6592 56.6592 56.6592 0 0 0 0
 2 -1 10 20 2 15 -1000 -1000 -1 -1 -1 -1 -1 -1 3 0 0 45.3273 45.3273 45.3273 45.3273 45.3273 45.3273 45.3273 45.3273 45.3273 45.3273 45.3273 45.3273 0 0 0 0
211 0 28 32 8 7 9 0 0 26 10 20 2 15 -1000 -1000 -1 -1 -1 -1 -1 -1 3 0 0 61.81 61.81 61.81 61.81 61.81 61.81 61.81 61.81 61.81 61.81 61.81 61.81 0 0 0 0 1
 2 -1 10 20 2 15 -1000 -1000 -1 -1 -1 -1 -1 -1 3 0 0 61.81 61.81 61.81 61.81 61.81 61.81 61.81 61.81 61.81 61.81 61.81 61.81 0 0 0 0
84 0 32 40 7 6 0 12 22 0 6 20 2 16 -1000 -1000 -1 -1 -1 -1 -1 -1 3 0 0 67.7254 67.7254 67.7254 67.7254 67.7254 67.7254 67.7254 67.7254 67.7254 67.7254 67.7254 67.7254 0 0 0 0 1
 2 -1 6 20 2 16 -1000 -1000 -1 -1 -1 -1 -1 -1 3 0 0 67.7254 67.7254 67.7254 67.7254 67.7254 67.7254 67.7254 67.7254 67.7254 67.7254 67.7254 67.7254 0 0 0 0
85 0 32 32 10 9 9 -2 0 24 10 20 2 15 -1000 -1000 -1 -1 -1 -1 -1 -1 3 0 0 52.3008 52.3008 52.3008 52.3008 52.3008 52.3008 52.3008 52.3008 52.3008 52.3008 52.3008 52.3008 0 0 0 0 1
 2 -1 10 20 2 15 -1000 -1000 -1 -1 -1 -1 -1 -1 3 0 0 52.3008 52.3008 52.3008 52.3008 52.3008 52.3008 52.3008 52.3008 52.3008 52.3008 52.3008 52.3008 0 0 0 0
213 0 32 32 8 7 9 0 0 26 10 20 2 15 -1000 -1000 -1 -1 -1 -1 -1 -1 3 0 0 52.3008 52.3008 52.3008 52.3008 52.3008 52.3008 52.3008 52.3008 52.3008 52.3008 52.3008 52.3008 0 0 0 0 1
 2 -1 10 20 2 15 -1000 -1000 -1 -1 -1 -1 -1 -1 3 0 0 52.3008 52.3008 52.3008 52.3008 52.3008 52.3008 52.3008 52.3008 52.3008 52.3008 52.3008 52.3008 0 0 0 0
86 0 32 32 8 7 9 0 0 24 10 20 2 15 -1000 -1000 -1 -1 -1 -1 -1 -1 3 0 0 52.3008 52.3008 52.3008 52.3008 52.3008 52.3008 52.3008 52.3008 52.3008 52.3008 52.3008 52.3008 0 0 0 0 1
 2 -1 10 20 2 15 -1000 -1000 -1 -1 -1 -1 -1 -1 3 0 0 52.3008 52.3008 52.3008 52.3008 52.3008 52.3008 52.3008 52.3008 52.3008 52.3008 52.3008 52.3008 0 0 0 0
341 0 36 76 11 10 3 7 24 0 10 20 3 13 -1000 -1000 -1 -1 -1 -1 -1 -1 3 0 0 15.7258 15.7258 15.7258 15.7258 15.7258 15.7258 15.7258 15.7258 15.7258 15.7258 15.7258 15.7258 0 0 0 0 1
 2 -1 10 20 3 13 -1000 -1000 -1 -1 -1 -1 -1 -1 3 0 0 15.7258 15.7258 15.7258 15.7258 15.7258 15.7258 15.7258 15.7258 15.7258 15.7258 15.7258 15.7258 0 0 0 0
214 0 60 38 8 7 9 1 0 24 10 20 1 15 -1000 -1000 -1 -1 -1 -1 -1 -1 3 0 0 18.6127 18.6127 18.6127 18.6127 18.6127 18.6127 18.6127 18.6127 18.6127 18.6127 18.6127 18.6127 0 0 0 0 1
 2 -1 10 20 1 15 -1000 -1000 -1 -1 -1 -1 -1 -1 3 0 0 18.6127 18.6127 18.6127 18.6127 18.6127 18.6127 18.6127 18.6127 18.6127 18.6127 18.6127 18.6127 0 0 0 0
87 0 32 84 9 8 -2 9 24 0 10 20 2 15 -1000 -1000 -1 -1 -1 -1 -1 -1 3 0 0 17.4336 17.4336 17.4336 17.4336 17.4336 17.4336 17.4336 17.4336 17.4336 17.4336 17.4336 17.4336 0 0 0 0 1
 2 -1 10 20 2 15 -1000 -1000 -1 -1 -1 -1 -1 -1 3 0 0 17.4336 17.4336 17.4336 17.4336 17.4336 17.4336 17.4336 17.4336 17.4336 17.4336 17.4336 17.4336 0 0 0 0
215 0 60 44 8 7 9 8 0 24 10 20 1 15 -1000 -1000 -1 -1 -1 -1 -1 -1 3 0 0 14.7618 14.7618 14.7618 14.7618 14.7618 14.7618 14.7618 14.7618 14.7618 14.7618 14.7618 14.7618 0 0 0 0 1
 2 -1 10 20 1 15 -1000 -1000 -1 -1 -1 -1 -1 -1 3 0 0 14.7618 14.7618 14.7618 14.7618 14.7618 14.7618 14.7618 14.7618 14.7618 14.7618 14.7618 14.7618 0 0 0 0
88 0 32 32 9 8 0 9 24 0 10 20 2 15 -1000 -1000 -1 -1 -1 -1 -1 -1 3 0 0 52.3008 52.3008 52.3008 52.3008 52.3008 52.3008 52.3008 52.3008 52.3008 52.3008 52.3008 52.3008 0 0 0 0 1
 2 -1 10 20 2 15 -1000 -1000 -1 -1 -1 -1 -1 -1 3 0 0 52.3008 52.3008 52.3008 52.3008 52.3008 52.3008 52.3008 52.3008 52.3008 52.3008 52.3008 52.3008 0 0 0 0
216 0 32 44 7 6 14 12 22 0 6 20 2 16 -1000 -1000 -1 -1 -1 -1 -1 -1 3 0 0 60.2004 60.2004 60.2004 60.2004 60.2004 60.2004 60.2004 60.2004 60.2004 60.2004 60.2004 60.2004 0 0 0 0 1
 2 -1 6 20 2 16 -1000 -1000 -1 -1 -1 -1 -1 -1 3 0 0 60.2004 60.2004 60.2004 60.2004 60.2004 60.2004 60.2004 60.2004 60.2004 60.2004 60.2004 60.2004 0 0 0 0
89 0 32 32 9 8 -2 9 24 0 10 20 2 15 -1000 -1000 -1 -1 -1 -1 -1 -1 3 0 0 52.3008 52.3008 52.3008 52.3008 52.3008 52.3008 52.3008 52.3008 52.3008 52.3008 52.3008 52.3008 0 0 0 0 1
 2 -1 10 20 2 15 -1000 -1000 -1 -1 -1 -1 -1 -1 3 0 0 52.3008 52.3008 52.3008 52.3008 52.3008 52.3008 52.3008 52.3008 52.3008 52.3008 52.3008 52.3008 0 0 0 0
217 0 60 32 8 7 9 4 0 24 10 20 2 15 -1000 -1000 -1 -1 -1 -1 -1 -1 3 0 0 25.1819 25.1819 25.1819 25.1819 25.1819 25.1819 25.1819 25.1819 25.1819 25.1819 25.1819 25.1819 0 0 0 0 1
 2 -1 10 20 2 15 -1000 -1000 -1 -1 -1 -1 -1 -1 3 0 0 25.1819 25.1819 25.1819 25.1819 25.1819 25.1819 25.1819 25.1819 25.1819 25.1819 25.1819 25.1819 0 0 0 0
90 0 32 108 7 6 -2 12 22 0 6 20 2 16 -1000 -1000 -1 -1 -1 -1 -1 -1 3 0 0 21.6721 21.6721 21.6721 21.6721 21.6721 21.6721 21.6721 21.6721 21.6721 21.6721 21.6721 21.6721 0 0 0 0 1
 2 -1 6 20 2 16 -1000 -1000 -1 -1 -1 -1 -1 -1 3 0 0 21.6721 21.6721 21.6721 21.6721 21.6721 21.6721 21.6721 21.6721 21.6721 21.6721 21.6721 21.6721 0 0 0 0
218 0 32 108 7 6 4 12 22 0 6 20 2 16 -1000 -1000 -1 -1 -1 -1 -1 -1 3 0 0 21.6721 21.6721 21.6721 21.6721 21.6721 21.6721 21.6721 21.6721 21.6721 21.6721 21.6721 21.6721 0 0 0 0 1
 2 -1 6 20 2 16 -1000 -1000 -1 -1 -1 -1 -1 -1 3 0 0 21.6721 21.6721 21.6721 21.6721 21.6721 21.6721 21.6721 21.6721 21.6721 21.6721 21.6721 21.6721 0 0 0 0
91 0 74 140 5 4 -9 28 28 0 51 38 5 30 -1000 -1000 -1 -1 -1 -1 -1 -1 3 0 0 4.1915 4.1915 4.1915 4.1915 5.00391 5.00391 5.00391 5.00391 6.02097 6.02097 6.02097 6.02097 0 0 0 0 1
 2 -1 51 38 5 30 -1000 -1000 -1 -1 -1 -1 -1 -1 3 0 0 4.1915 4.1915 4.1915 4.1915 5.00391 5.00391 5.00391 5.00391 6.02097 6.02097 6.02097 6.02097 0 0 0 0
219 0 32 80 7 6 -2 12 22 0 6 20 2 16 -1000 -1000 -1 -1 -1 -1 -1 -1 3 0 0 30.1002 30.1002 30.1002 30.1002 30.1002 30.1002 30.1002 30.1002 30.1002 30.1002 30.1002 30.1002 0 0 0 0 1
 2 -1 6 20 2 16 -1000 -1000 -1 -1 -1 -1 -1 -1 3 0 0 30.1002 30.1002 30.1002 30.1002 30.1002 30.1002 30.1002 30.1002 30.1002 30.1002 30.1002 30.1002 0 0 0 0
92 0 32 76 9 8 0 9 24 0 10 20 2 15 -1000 -1000 -1 -1 -1 -1 -1 -1 3 0 0 19.426 19.426 19.426 19.426 19.426 19.426 19.426 19.426 19.426 19.426 19.426 19.426 0 0 0 0 1
 2 -1 10 20 2 15 -1000 -1000 -1 -1 -1 -1 -1 -1 3 0 0 19.426 19.426 19.426 19.426 19.426 19.426 19.426 19.426 19.426 19.426 19.426 19.426 0 0 0 0
220 0 32 80 7 6 0 12 22 0 6 20 2 16 -1000 -1000 -1 -1 -1 -1 -1 -1 3 0 0 30.1002 30.1002 30.1002 30.1002 30.1002 30.1002 30.1002 30.1002 30.1002 30.1002 30.1002 30.1002 0 0 0 0 1
 2 -1 6 20 2 16 -1000 -1000 -1 -1 -1 -1 -1 -1 3 0 0 30.1002 30.1002 30.1002 30.1002 30.1002 30.1002 30.1002 30.1002 30.1002 30.1002 30.1002 30.1002 0 0 0 0
93 0 32 84 9 8 0 9 24 0 10 20 2 15 -1000 -1000 -1 -1 -1 -1 -1 -1 3 0 0 17.4336 17.4336 17.4336 17.4336 17.4336 17.4336 17.4336 17.4336 17.4336 17.4336 17.4336 17.4336 0 0 0 0 1
 2 -1 10 20 2 15 -1000 -1000 -1 -1 -1 -1 -1 -1 3 0 0 17.4336 17.4336 17.4336 17.4336 17.4336 17.4336 17.4336 17.4336 17.4336 17.4336 17.4336 17.4336 0 0 0 0
221 0 32 80 7 6 2 12 22 0 6 20 2 16 -1000 -1000 -1 -1 -1 -1 -1 -1 3 0 0 30.1002 30.1002 30.1002 30.1002 30.1002 30.1002 30.1002 30.1002 30.1002 30.1002 30.1002 30.1002 0 0 0 0 1
 2 -1 6 20 2 16 -1000 -1000 -1 -1 -1 -1 -1 -1 3 0 0 30.1002 30.1002 30.1002 30.1002 30.1002 30.1002 30.1002 30.1002 30.1002 30.1002 30.1002 30.1002 0 0 0 0
94 0 84 32 8 7 9 0 0 24 10 20 2 15 -1000 -1000 -1 -1 -1 -1 -1 -1 3 0 0 17.4336 17.4336 17.4336 17.4336 17.4336 17.4336 17.4336 17.4336 17.4336 17.4336 17.4336 17.4336 0 0 0 0 1
 2 -1 10 20 2 15 -1000 -1000 -1 -1 -1 -1 -1 -1 3 0 0 17.4336 17.4336 17.4336 17.4336 17.4336 17.4336 17.4336 17.4336 17.4336 17.4336 17.4336 17.4336 0 0 0 0
222 0 44 80 7 6 -2 12 22 0 6 20 2 16 -1000 -1000 -1 -1 -1 -1 -1 -1 3 0 0 15.0501 15.0501 15.0501 15.0501 15.0501 15.0501 15.0501 15.0501 15.0501 15.0501 15.0501 15.0501 0 0 0 0 1
 2 -1 6 20 2 16 -1000 -1000 -1 -1 -1 -1 -1 -1 3 0 0 15.0501 15.0501 15.0501 15.0501 15.0501 15.0501 15.0501 15.0501 15.0501 15.0501 15.0501 15.0501 0 0 0 0
95 0 84 60 6 5 16 -10 0 32 14 26 0 16 -1000 -1000 -1 -1 -1 -1 -1 -1 3 0 0 9.03005 9.03005 9.03005 9.03005 9.27623 9.27623 9.27623 9.27623 10.3671 10.3671 10.3671 10.3671 0 0 0 0 1
 2 -1 14 26 0 16 -1000 -1000 -1 -1 -1 -1 -1 -1 3 0 0 9.03005 9.03005 9.03005 9.03005 9.27623 9.27623 9.27623 9.27623 10.3671 10.3671 10.3671 10.3671 0 0 0 0
223 0 44 80 7 6 1 12 22 0 6 20 2 16 -1000 -1000 -1 -1 -1 -1 -1 -1 3 0 0 15.0501 15.0501 15.0501 15.0501 15.0501 15.0501 15.0501 15.0501 15.0501 15.0501 15.0501 15.0501 0 0 0 0 1
 2 -1 6 20 2 16 -1000 -1000 -1 -1 -1 -1 -1 -1 3 0 0 15.0501 15.0501 15.0501 15.0501 15.0501 15.0501 15.0501 15.0501 15.0501 15.0501 15.0501 15.0501 0 0 0 0
96 0 84 72 6 5 16 0 0 32 14 26 0 16 -1000 -1000 -1 -1 -1 -1 -1 -1 3 0 0 6.9462 6.9462 6.9462 6.9462 6.95843 6.95843 6.95843 6.95843 7.48196 7.48196 7.48196 7.48196 0 0 0 0 1
 2 -1 14 26 0 16 -1000 -1000 -1 -1 -1 -1 -1 -1 3 0 0 6.9462 6.9462 6.9462 6.9462 6.95843 6.95843 6.95843 6.95843 7.48196 7.48196 7.48196 7.48196 0 0 0 0
224 0 44 80 7 6 6 12 22 0 6 20 2 16 -1000 -1000 -1 -1 -1 -1 -1 -1 3 0 0 15.0501 15.0501 15.0501 15.0501 15.0501 15.0501 15.0501 15.0501 15.0501 15.0501 15.0501 15.0501 0 0 0 0 1
 2 -1 6 20 2 16 -1000 -1000 -1 -1 -1 -1 -1 -1 3 0 0 15.0501 15.0501 15.0501 15.0501 15.0501 15.0501 15.0501 15.0501 15.0501 15.0501 15.0501 15.0501 0 0 0 0
97 0 56 28 12 11 15 0 0 14 10 20 4 17 -1000 -1000 -1 -1 -1 -1 -1 -1 3 0 0 33.3417 33.3417 33.3417 33.3417 33.3417 33.3417 33.3417 33.3417 33.3417 33.3417 33.3417 33.3417 0 0 0 0 1
 2 -1 10 20 4 17 -1000 -1000 -1 -1 -1 -1 -1 -1 3 0 0 33.3417 33.3417 33.3417 33.3417 33.3417 33.3417 33.3417 33.3417 33.3417 33.3417 33.3417 33.3417 0 0 0 0
225 0 44 80 7 6 8 12 22 0 6 20 2 16 -1000 -1000 -1 -1 -1 -1 -1 -1 3 0 0 15.0501 15.0501 15.0501 15.0501 15.0501 15.0501 15.0501 15.0501 15.0501 15.0501 15.0501 15.0501 0 0 0 0 1
 2 -1 6 20 2 16 -1000 -1000 -1 -1 -1 -1 -1 -1 3 0 0 15.0501 15.0501 15.0501 15.0501 15.0501 15.0501 15.0501 15.0501 15.0501 15.0501 15.0501 15.0501 0 0 0 0
98 0 74 210 5 4 -9 28 28 0 51 38 5 30 -1000 -1000 -1 -1 -1 -1 -1 -1 3 0 0 2.73358 2.73358 2.73358 2.73358 3.26342 3.26342 3.26342 3.26342 3.92672 3.92672 3.92672 3.92672 0 0 0 0 1
 2 -1 51 38 5 30 -1000 -1000 -1 -1 -1 -1 -1 -1 3 0 0 2.73358 2.73358 2.73358 2.73358 3.26342 3.26342 3.26342 3.26342 3.92672 3.92672 3.92672 3.92672 0 0 0 0
226 0 44 80 7 6 11 12 22 0 6 20 2 16 -1000 -1000 -1 -1 -1 -1 -1 -1 3 0 0 15.0501 15.0501 15.0501 15.0501 15.0501 15.0501 15.0501 15.0501 15.0501 15.0501 15.0501 15.0501 0 0 0 0 1
 2 -1 6 20 2 16 -1000 -1000 -1 -1 -1 -1 -1 -1 3 0 0 15.0501 15.0501 15.0501 15.0501 15.0501 15.0501 15.0501 15.0501 15.0501 15.0501 15.0501 15.0501 0 0 0 0
99 0 126 126 5 4 -9 28 28 0 62 54 0 50 -1000 -1000 -1 -1 -1 -1 -1 -1 3 0 0 1.57903 1.57903 1.57903 1.57903 1.81826 1.81826 1.81826 1.81826 1.85596 1.85596 1.85596 1.85596 0 0 0 0 1
 0 -1 62 54 0 50 -1000 -1000 -1 -1 -1 -1 -1 -1 3 0 0 1.57903 1.57903 1.57903 1.57903 1.81826 1.81826 1.81826 1.81826 1.85596 1.85596 1.85596 1.85596 0 0 0 0
227 0 44 80 7 6 15 12 22 0 6 20 2 16 -1000 -1000 -1 -1 -1 -1 -1 -1 3 0 0 15.0501 15.0501 15.0501 15.0501 15.0501 15.0501 15.0501 15.0501 15.0501 15.0501 15.0501 15.0501 0 0 0 0 1
 2 -1 6 20 2 16 -1000 -1000 -1 -1 -1 -1 -1 -1 3 0 0 15.0501 15.0501 15.0501 15.0501 15.0501 15.0501 15.0501 15.0501 15.0501 15.0501 15.0501 15.0501 0 0 0 0
100 0 42 28 12 11 14 0 7 14 10 20 4 17 -1000 -1000 -1 -1 -1 -1 -1 -1 3 0 0 51.295 51.295 51.295 51.295 51.295 51.295 51.295 51.295 51.295 51.295 51.295 51.295 0 0 0 0 1
 2 -1 10 20 4 17 -1000 -1000 -1 -1 -1 -1 -1 -1 3 0 0 51.295 51.295 51.295 51.295 51.295 51.295 51.295 51.295 51.295 51.295 51.295 51.295 0 0 0 0
228 0 44 80 7 6 12 12 22 0 6 20 2 16 -1000 -1000 -1 -1 -1 -1 -1 -1 3 0 0 15.0501 15.0501 15.0501 15.0501 15.0501 15.0501 15.0501 15.0501 15.0501 15.0501 15.0501 15.0501 0 0 0 0 1
 2 -1 6 20 2 16 -1000 -1000 -1 -1 -1 -1 -1 -1 3 0 0 15.0501 15.0501 15.0501 15.0501 15.0501 15.0501 15.0501 15.0501 15.0501 15.0501 15.0501 15.0501 0 0 0 0
101 0 42 40 12 11 14 0 7 14 10 20 4 17 -1000 -1000 -1 -1 -1 -1 -1 -1 3 0 0 19.2641 19.2641 19.2641 19.2641 19.2641 19.2641 19.2641 19.2641 19.2641 19.2641 19.2641 19.2641 0 0 0 0 1
 2 -1 10 20 4 17 -1000 -1000 -1 -1 -1 -1 -1 -1 3 0 0 19.2641 19.2641 19.2641 19.2641 19.2641 19.2641 19.2641 19.2641 19.2641 19.2641 19.2641 19.2641 0 0 0 0
229 0 44 80 7 6 20 12 22 0 6 20 2 16 -1000 -1000 -1 -1 -1 -1 -1 -1 3 0 0 15.0501 15.0501 15.0501 15.0501 15.0501 15.0501 15.0501 15.0501 15.0501 15.0501 15.0501 15.0501 0 0 0 0 1
 2 -1 6 20 2 16 -1000 -1000 -1 -1 -1 -1 -1 -1 3 0 0 15.0501 15.0501 15.0501 15.0501 15.0501 15.0501 15.0501 15.0501 15.0501 15.0501 15.0501 15.0501 0 0 0 0
102 0 42 42 12 11 14 0 7 14 10 20 4 17 -1000 -1000 -1 -1 -1 -1 -1 -1 3 0 0 17.8371 17.8371 17.8371 17.8371 20.6777 20.6777 20.6777 20.6777 20.6777 20.6777 20.6777 20.6777 0 0 0 0 1
 2 -1 10 20 4 17 -1000 -1000 -1 -1 -1 -1 -1 -1 3 0 0 17.8371 17.8371 17.8371 17.8371 20.6777 20.6777 20.6777 20.6777 20.6777 20.6777 20.6777 20.6777 0 0 0 0
230 0 84 60 6 5 16 -8 0 32 14 26 0 16 -1000 -1000 -1 -1 -1 -1 -1 -1 3 0 0 9.03005 9.03005 9.03005 9.03005 9.27623 9.27623 9.27623 9.27623 10.3671 10.3671 10.3671 10.3671 0 0 0 0 1
 2 -1 14 26 0 16 -1000 -1000 -1 -1 -1 -1 -1 -1 3 0 0 9.03005 9.03005 9.03005 9.03005 9.27623 9.27623 9.27623 9.27623 10.3671 10.3671 10.3671 10.3671 0 0 0 0
103 0 36 28 11 10 10 7 24 0 10 20 3 13 -1000 -1000 -1 -1 -1 -1 -1 -1 3 0 0 50.0367 50.0367 50.0367 50.0367 50.0367 50.0367 50.0367 50.0367 50.0367 50.0367 50.0367 50.0367 0 0 0 0 1
 2 -1 10 20 3 13 -1000 -1000 -1 -1 -1 -1 -1 -1 3 0 0 50.0367 50.0367 50.0367 50.0367 50.0367 50.0367 50.0367 50.0367 50.0367 50.0367 50.0367 50.0367 0 0 0 0
231 0 84 60 6 5 16 15 0 32 14 26 0 16 -1000 -1000 -1 -1 -1 -1 -1 -1 3 0 0 9.03005 9.03005 9.03005 9.03005 9.27623 9.27623 9.27623 9.27623 10.3671 10.3671 10.3671 10.3671 0 0 0 0 1
 2 -1 14 26 0 16 -1000 -1000 -1 -1 -1 -1 -1 -1 3 0 0 9.03005 9.03005 9.03005 9.03005 9.27623 9.27623 9.27623 9.27623 10.3671 10.3671 10.3671 10.3671 0 0 0 0
104 0 36 40 11 10 10 7 24 0 10 20 3 13 -1000 -1000 -1 -1 -1 -1 -1 -1 3 0 0 32.3767 32.3767 32.3767 32.3767 32.3767 32.3767 32.3767 32.3767 32.3767 32.3767 32.3767 32.3767 0 0 0 0 1
 2 -1 10 20 3 13 -1000 -1000 -1 -1 -1 -1 -1 -1 3 0 0 32.3767 32.3767 32.3767 32.3767 32.3767 32.3767 32.3767 32.3767 32.3767 32.3767 32.3767 32.3767 0 0 0 0
232 0 84 60 6 5 16 24 0 32 14 26 0 16 -1000 -1000 -1 -1 -1 -1 -1 -1 3 0 0 9.03005 9.03005 9.03005 9.03005 9.27623 9.27623 9.27623 9.27623 10.3671 10.3671 10.3671 10.3671 0 0 0 0 1
 2 -1 14 26 0 16 -1000 -1000 -1 -1 -1 -1 -1 -1 3 0 0 9.03005 9.03005 9.03005 9.03005 9.27623 9.27623 9.27623 9.27623 10.3671 10.3671 10.3671 10.3671 0 0 0 0
105 0 38 60 9 8 -5 9 24 0 10 20 1 15 -1000 -1000 -1 -1 -1 -1 -1 -1 3 0 0 18.6127 18.6127 18.6127 18.6127 18.6127 18.6127 18.6127 18.6127 18.6127 18.6127 18.6127 18.6127 0 0 0 0 1
 2 -1 10 20 1 15 -1000 -1000 -1 -1 -1 -1 -1 -1 3 0 0 18.6127 18.6127 18.6127 18.6127 18.6127 18.6127 18.6127 18.6127 18.6127 18.6127 18.6127 18.6127 0 0 0 0
233 0 56 60 6 5 16 15 0 32 14 26 0 16 -1000 -1000 -1 -1 -1 -1 -1 -1 3 0 0 13.8924 13.8924 13.8924 13.8924 14.2711 14.2711 14.2711 14.2711 15.9494 15.9494 15.9494 15.9494 0 0 0 0 1
 2 -1 14 26 0 16 -1000 -1000 -1 -1 -1 -1 -1 -1 3 0 0 13.8924 13.8924 13.8924 13.8924 14.2711 14.2711 14.2711 14.2711 15.9494 15.9494 15.9494 15.9494 0 0 0 0
106 0 38 60 9 8 -3 9 24 0 10 20 1 15 -1000 -1000 -1 -1 -1 -1 -1 -1 3 0 0 18.6127 18.6127 18.6127 18.6127 18.6127 18.6127 18.6127 18.6127 18.6127 18.6127 18.6127 18.6127 0 0 0 0 1
 2 -1 10 20 1 15 -1000 -1000 -1 -1 -1 -1 -1 -1 3 0 0 18.6127 18.6127 18.6127 18.6127 18.6127 18.6127 18.6127 18.6127 18.6127 18.6127 18.6127 18.6127 0 0 0 0
107 0 56 46 12 11 14 0 0 14 10 20 4 17 -1000 -1000 -1 -1 -1 -1 -1 -1 3 0 0 11.1856 11.1856 11.1856 11.1856 11.1856 11.1856 11.1856 11.1856 11.1856 11.1856 11.1856 11.1856 0 0 0 0 1
 2 -1 10 20 4 17 -1000 -1000 -1 -1 -1 -1 -1 -1 3 0 0 11.1856 11.1856 11.1856 11.1856 11.1856 11.1856 11.1856 11.1856 11.1856 11.1856 11.1856 11.1856 0 0 0 0
108 0 36 74 11 10 10 7 24 0 10 20 3 13 -1000 -1000 -1 -1 -1 -1 -1 -1 3 0 0 16.1883 16.1883 16.1883 16.1883 16.1883 16.1883 16.1883 16.1883 16.1883 16.1883 16.1883 16.1883 0 0 0 0 1
 2 -1 10 20 3 13 -1000 -1000 -1 -1 -1 -1 -1 -1 3 0 0 16.1883 16.1883 16.1883 16.1883 16.1883 16.1883 16.1883 16.1883 16.1883 16.1883 16.1883 16.1883 0 0 0 0
118 0 28 32 10 9 9 0 0 24 10 20 2 15 -1000 -1000 -1 -1 -1 -1 -1 -1 3 0 0 61.81 61.81 61.81 61.81 61.81 61.81 61.81 61.81 61.81 61.81 61.81 61.81 0 0 0 0 1
 2 -1 10 20 2 15 -1000 -1000 -1 -1 -1 -1 -1 -1 3 0 0 61.81 61.81 61.81 61.81 61.81 61.81 61.81 61.81 61.81 61.81 61.81 61.81 0 0 0 0
119 0 36 32 11 10 3 7 24 0 10 20 3 13 -1000 -1000 -1 -1 -1 -1 -1 -1 3 0 0 42.3387 42.3387 42.3387 42.3387 42.3387 42.3387 42.3387 42.3387 42.3387 42.3387 42.3387 42.3387 0 0 0 0 1
 2 -1 10 20 3 13 -1000 -1000 -1 -1 -1 -1 -1 -1 3 0 0 42.3387 42.3387 42.3387 42.3387 42.3387 42.3387 42.3387 42.3387 42.3387 42.3387 42.3387 42.3387 0 0 0 0
120 0 36 38 11 10 3 7 24 0 10 20 3 13 -1000 -1000 -1 -1 -1 -1 -1 -1 3 0 0 34.4002 34.4002 34.4002 34.4002 34.4002 34.4002 34.4002 34.4002 34.4002 34.4002 34.4002 34.4002 0 0 0 0 1
 2 -1 10 20 3 13 -1000 -1000 -1 -1 -1 -1 -1 -1 3 0 0 34.4002 34.4002 34.4002 34.4002 34.4002 34.4002 34.4002 34.4002 34.4002 34.4002 34.4002 34.4002 0 0 0 0
121 122 42 78 12 11 14 2 0 17 10 20 4 17 -1000 -1000 -1 -1 -1 -1 -1 -1 3 0 0 7.64449 7.64449 7.64449 7.64449 7.64449 7.64449 7.64449 7.64449 7.64449 7.64449 7.64449 7.64449 0 0 0 0 1
 2 -1 10 20 4 17 -1000 -1000 -1 -1 -1 -1 -1 -1 3 0 0 7.64449 7.64449 7.64449 7.64449 7.64449 7.64449 7.64449 7.64449 7.64449 7.64449 7.64449 7.64449 0 0 0 0
122 0 42 78 12 11 0 0 0 0 -1000 -1000 -1000 -1000 -1000 -1000 -1 -1 -1 -1 -1 -1 1 0 1 107.023 107.023 107.023 107.023 0 0 0 0 0 0 0 0 0 0 0 0 2
 0 -1 -1000 -1000 -1000 -1000 -1000 -1000 -1 -1 -1 -1 -1 -1 1 0 1 107.023 107.023 107.023 107.023 0 0 0 0 0 0 0 0 0 0 0 0
 2 -1 -1000 -1000 -1000 -1000 -1000 -1000 -1 -1 -1 -1 -1 -1 1 0 1 80.2671 80.2671 80.2671 80.2671 0 0 0 0 0 0 0 0 0 0 0 0
123 0 44 108 7 6 8 12 22 0 6 20 2 16 -1000 -1000 -1 -1 -1 -1 -1 -1 3 0 0 10.8361 10.8361 10.8361 10.8361 10.8361 10.8361 10.8361 10.8361 10.8361 10.8361 10.8361 10.8361 0 0 0 0 1
 2 -1 6 20 2 16 -1000 -1000 -1 -1 -1 -1 -1 -1 3 0 0 10.8361 10.8361 10.8361 10.8361 10.8361 10.8361 10.8361 10.8361 10.8361 10.8361 10.8361 10.8361 0 0 0 0
124 0 84 32 8 7 9 -1 0 24 10 20 2 15 -1000 -1000 -1 -1 -1 -1 -1 -1 3 0 0 17.4336 17.4336 17.4336 17.4336 17.4336 17.4336 17.4336 17.4336 17.4336 17.4336 17.4336 17.4336 0 0 0 0 1
 2 -1 10 20 2 15 -1000 -1000 -1 -1 -1 -1 -1 -1 3 0 0 17.4336 17.4336 17.4336 17.4336 17.4336 17.4336 17.4336 17.4336 17.4336 17.4336 17.4336 17.4336 0 0 0 0
380 0 6000 30000 2 1 3000 3000 3000 3000 -1000 -1000 -1000 -1000 -1000 -1000 -1 -1 -1 -1 -1 -1 3 0 0 0.005 0.005 0.005 0.005 0 0 0 0 0 0 0 0 0 0 0 0 1
 0 -1 -1000 -1000 -1000 -1000 -1000 -1000 -1 -1 -1 -1 -1 -1 3 0 0 0.005 0.005 0.005 0.005 0 0 0 0 0 0 0 0 0 0 0 0
