*index	FF	FQ	FS	FP	QF	QQ	QS	QP	SF	SQ	SS	SP	PF	PQ	PS	PP	X_by_Y
*	"FQ" stands for Full landing and Quarter coverage
*0	0	0	0	0	0	0	0	0	0	0	0	0	0	0	0	0	
*1	0	0	0	0	0	0	0	0	0	0	0	0	0	0	0	1	1x1
*2	0	0	0	0	0	0	0	0	0	0	0	0	0	0	1	0	1x1
*3	0	0	0	0	0	0	0	0	0	0	0	0	0	1	0	0	1x1
*4	0	0	0	0	0	0	0	0	0	0	0	0	1	0	0	0	1x1
*5	0	0	0	0	0	0	0	0	0	0	0	1	0	0	0	0	1x1
*6	0	0	0	0	0	0	0	0	0	0	1	0	0	0	0	0	1x1
*7	0	0	0	0	0	0	0	0	0	1	0	0	0	0	0	0	1x1
*8	0	0	0	0	0	0	0	0	1	0	0	0	0	0	0	0	1x1
*9	0	0	0	0	0	0	0	1	0	0	0	0	0	0	0	0	1x1
*10	0	0	0	0	0	0	1	0	0	0	0	0	0	0	0	0	1x1
*11	0	0	0	0	0	1	0	0	0	0	0	0	0	0	0	0	1x1
*12	0	0	0	0	1	0	0	0	0	0	0	0	0	0	0	0	1x1
*13	0	0	0	1	0	0	0	0	0	0	0	0	0	0	0	0	1x1
*14	0	0	1	0	0	0	0	0	0	0	0	0	0	0	0	0	1x1
*15	0	1	0	0	0	0	0	0	0	0	0	0	0	0	0	0	1x1
*16	1	0	0	0	0	0	0	0	0	0	0	0	0	0	0	0	1x1
