714 10
723 7
726 13
728 7
729 7
825 4
1045 13
1047 3
1123 6
1417 7
1714 19
1718 18
1719 23
1720 14
1721 23
1726 9
1727 19
1729 4
1730 14
2510 3
2973 2
3201 9
3202 2
3356 8
3357 22
23774 50
23857 13
23858 2
23860 10
23986 2
24046 14
24088 15
24089 10
24172 7
24222 15
24309 16
24355 17
24450 10
24492 15
24499 2
24629 2
24635 23
24769 13
24770 2
24772 3
24773 14
24856 16
24857 4
24909 10
24991 4
25043 3
25175 3
25262 2
25451 10
25536 2
25590 7
25723 2
25857 2
25858 2
25860 13
25861 2
25995 2
26354 13
26400 4
26402 19
26407 23
26544 2
26674 6
26677 8
26679 8
26681 8
26765 14
26767 2
26768 2
26811 8
26813 11
26814 26
26816 19
26903 2
26906 10
27039 3
27040 10
27041 30
27042 4
27043 2
27085 8
27087 4
27088 7
27090 21
27228 2
27230 13
27637 3
27775 30
27858 2
27859 2
27995 9
27997 27
27998 8
27999 2
28048 9
28184 20
28186 9
28270 13
28319 7
28320 8
28323 4
28407 15
28437 23
28453 12
28457 27
28463 31
28484 22
28490 2
28532 3
28550 7
28580 7
28589 7
28595 13
28604 35
28618 15
28636 7
28674 2
28683 2
28689 15
28692 2
28698 16
28710 24
28718 14
28721 8
28745 2
28789 3
28871 15
28901 2
28906 16
28921 2
28927 14
28934 18
28937 15
28938 19
28939 2
28941 9
28942 2
28957 5
28959 9
29027 2
29031 2
29032 7
29033 18
29444 8
29562 7
29975 2
30155 13
30694 2
30751 16
30770 23
30776 4
30783 13
30785 18
30794 19
31577 32
31588 15
31598 13
31614 2
31846 21
31858 4
31864 2
31903 2
31914 3
31915 4
31929 8
32014 9
32023 2
32040 5
32064 18
32090 8
32117 2
32132 2
32203 12
32232 22
32245 7
32246 2
32249 7
32252 2
32274 2
32275 27
32282 15
32330 5
32362 20
32395 14
32399 15
32400 16
32407 2
32408 6
32420 3
32440 10
32477 7
32500 7
32505 2
32506 5
32507 10
32513 8
32522 16
32552 3
32560 11
32564 3
32573 37
32582 2
32597 16
32600 3
32611 12
32673 8
32786 3
32816 12
32831 31
32844 15
32861 10
32873 20
32904 10
32941 44
32944 8
32950 9
32992 6
32993 10
33027 9
33144 21
33147 2
33153 12
33155 6
33171 8
33199 2
33205 2
33231 9
33269 10
33291 7
33354 15
33460 6
33520 13
33521 2
33526 3
33953 5
34061 15
34408 5
34410 17
34412 34
34421 2
34459 6
34517 14
34518 8
34624 13
34934 6
34978 14
34979 14
35110 6
35112 9
35219 12
35878 9
35879 16
35897 24
35932 3
35933 18
36077 43
36079 6
36088 3
36177 17
36180 23
36493 5
36494 23
36504 19
36505 28
36506 10
36766 13
36937 8
36978 16
37081 13
37165 4
37287 10
37289 2
37307 15
37308 10
37559 13
37560 3
37565 16
37567 17
37610 4
37611 26
37612 14
37615 36
38132 7
38153 21
38250 11
38252 8
38496 10
38497 12
38636 8
38694 8
38927 11
39134 5
39135 18
39299 26
39541 24
39687 15
39708 20
39776 11
40014 4
40022 2
40035 26
40189 11
40257 26
40321 15
40519 4
40521 11
40711 9
40718 31
40719 3
40727 8
40732 24
40737 41
40740 18
40746 33
40749 3
40762 11
40763 33
40771 30
40772 11
41052 14
41063 4
41066 9
41069 9
41073 5
41081 9
41149 3
41150 2
41151 14
41152 14
41216 17
41218 2
41224 17
41233 2
41239 11
41273 2
41276 16
41348 8
41364 14
41371 15
41467 9
41471 8
42780 5
42786 8
42815 2
42820 14
42821 7
42823 8
42824 17
42834 8
42836 2
42837 8
42893 17
42906 15
42914 16
42917 2
42918 36
42919 2
42956 2
42959 2
42962 10
42967 10
43002 4
43003 4
43004 2
43015 2
43016 5
43033 14
43042 2
43059 2
43060 14
43061 2
43064 10
43075 8
43081 22
43082 14
43085 10
43087 24
43088 2
43170 8
43173 2
43177 20
43179 10
43183 11
43188 14
43276 9
43277 2
43930 13
43964 48
43986 10
43991 22
44032 9
44375 2
44404 31
44410 2
44538 12
44615 14
45668 17
45868 12
45938 2
45944 19
45973 25
45974 11
46006 7
46107 14
46108 24
46186 2
46241 16
46257 6
46264 2
46308 8
46359 38
46361 37
46364 16
46434 20
46527 23
46652 23
46846 14
46863 7
46874 13
47024 3
47311 15
47312 11
47321 11
47377 12
47393 18
47397 4
47400 10
47402 14
47405 8
47407 10
47409 3
47410 14
47503 15
47543 15
47559 21
47642 4
47655 16
47657 11
47659 17
47662 18
47666 2
47800 3
47861 17
48266 29
48270 23
48272 8
48279 10
48280 14
48523 19
48860 10
49035 8
49116 18
49404 3
49530 11
49920 11
49921 23
50173 8
50174 3
50219 3
50257 10
50315 11
50318 8
50319 31
50433 9
50494 7
50541 4
50578 10
50676 7
50680 9
50681 16
50682 16
50684 13
50688 5
50858 17
50923 8
50928 11
50971 2
50974 13
51143 15
51145 3
51255 26
51628 13
51658 3
51738 2
51807 7
51989 9
53929 26
55761 8
55960 2
55961 2
55962 16
55963 21
55968 8
56493 14
56496 12
56497 2
